[gd_scene format=3 uid="uid://dbxqqcnwkvl1o"]

[ext_resource type="Script" uid="uid://eedgvk0u0hei" path="res://scenes/player.gd" id="1_im60l"]
[ext_resource type="PackedScene" uid="uid://rhwp02aggmh5" path="res://scenes/weapons/ar15.tscn" id="2_itw32"]
[ext_resource type="AnimationNodeStateMachine" uid="uid://ckqdehmgnjjsa" path="res://assets/leama/new_animation_node_state_machine.tres" id="7_htroi"]
[ext_resource type="PackedScene" uid="uid://50txf437eson" path="res://assets/leama/catgirl.res" id="8_k1oxr"]
[ext_resource type="Script" uid="uid://j1mpd6vqk4l4" path="res://scripts/weapon.gd" id="23_wwacj"]
[ext_resource type="PackedScene" uid="uid://dc3s4xicrws8p" path="res://scenes/test_bullet.tscn" id="24_067f8"]
[ext_resource type="PackedScene" uid="uid://pim0xaimmmtq" path="res://scenes/test_flash.tscn" id="25_klxuw"]
[ext_resource type="PackedScene" uid="uid://cucnr8wrof6a" path="res://scenes/test_hit.tscn" id="26_nhfh5"]
[ext_resource type="Script" uid="uid://xvbjirqn2dk6" path="res://scripts/player_ui.gd" id="27_orc2n"]

[sub_resource type="CapsuleShape3D" id="CapsuleShape3D_74rfg"]
radius = 0.3071289
height = 1.6225586

[node name="Player" type="CharacterBody3D" unique_id=789800810]
script = ExtResource("1_im60l")
spine_bone_name = "Chest"

[node name="CollisionShape3D" type="CollisionShape3D" parent="." unique_id=1753546581]
transform = Transform3D(1, 0, 0, 0, 1, 0, 0, 0, 1, 0, 0.8573775, 0)
visible = false
shape = SubResource("CapsuleShape3D_74rfg")

[node name="Label3D" type="Label3D" parent="." unique_id=480312769]
transform = Transform3D(1, 0, 0, 0, 1, 0, 0, 0, 1, 0, 2.3, 0)
billboard = 2
text = "Name"

[node name="Weapon" type="Node3D" parent="." unique_id=946586037]
script = ExtResource("23_wwacj")
bullet_scene = ExtResource("24_067f8")
muzzle_flash = ExtResource("25_klxuw")
hit = ExtResource("26_nhfh5")

[node name="UI" type="Control" parent="." unique_id=764021399 node_paths=PackedStringArray("player")]
layout_mode = 3
anchors_preset = 15
anchor_right = 1.0
anchor_bottom = 1.0
grow_horizontal = 2
grow_vertical = 2
mouse_filter = 2
script = ExtResource("27_orc2n")
player = NodePath("..")

[node name="ColorRect" type="ColorRect" parent="UI" unique_id=337857349]
custom_minimum_size = Vector2(2, 2)
layout_mode = 1
anchors_preset = 8
anchor_left = 0.5
anchor_top = 0.5
anchor_right = 0.5
anchor_bottom = 0.5
offset_left = -1.0
offset_top = -1.0
offset_right = 1.0
offset_bottom = 1.0
grow_horizontal = 2
grow_vertical = 2
mouse_filter = 2

[node name="HBoxContainer" type="HBoxContainer" parent="UI" unique_id=926390492]
layout_mode = 1
anchors_preset = 12
anchor_top = 1.0
anchor_right = 1.0
anchor_bottom = 1.0
offset_top = -23.0
grow_horizontal = 2
grow_vertical = 0

[node name="MarginContainer" type="MarginContainer" parent="UI/HBoxContainer" unique_id=289544877]
layout_mode = 2
theme_override_constants/margin_left = 10
theme_override_constants/margin_bottom = 10

[node name="HpLabel" type="Label" parent="UI/HBoxContainer/MarginContainer" unique_id=1180712875]
layout_mode = 2
theme_override_font_sizes/font_size = 32
text = "100"

[node name="Camera3D" type="Camera3D" parent="." unique_id=1666560201]
transform = Transform3D(1, 0, 0, 0, 1, 0, 0, 0, 1, 0, 1.5, 0)

[node name="AnimationTree" type="AnimationTree" parent="." unique_id=525226425]
root_node = NodePath("../model")
tree_root = ExtResource("7_htroi")
anim_player = NodePath("../model/AnimationPlayer")
parameters/conditions/hit = false
parameters/conditions/idle = false
parameters/conditions/moving = false
parameters/conditions/shoot = false
parameters/BlendSpace2D/blend_position = Vector2(0, 0)

[node name="model" parent="." unique_id=1298729298 instance=ExtResource("8_k1oxr")]
transform = Transform3D(-0.9917653, 0, -0.12806872, 0, 1, 0, 0.12806872, 0, -0.9917653, 0, 0, 0)

[node name="GeneralSkeleton" parent="model" index="1" unique_id=419151538]
bones/2/rotation = Quaternion(-0.11019123, -0.34048858, -0.032778762, 0.933194)
bones/3/rotation = Quaternion(0.06285229, 0.0002184748, -0.00021480571, 0.99802285)
bones/4/rotation = Quaternion(0.13504049, -0.00010759446, -0.0061264103, 0.9908211)
bones/5/rotation = Quaternion(0.13829254, -0.00060631084, -0.0060235322, 0.99037296)
bones/14/rotation = Quaternion(0.0048104725, 0.06520739, 0.0073819803, 0.9978329)
bones/15/rotation = Quaternion(-0.03951828, 0.19120643, 0.09165649, 0.97646177)
bones/119/rotation = Quaternion(0.60332984, 0.6644394, 0.3145794, -0.30911687)
bones/120/rotation = Quaternion(0.22578572, 0.8134315, -0.46737137, 0.262515)
bones/121/rotation = Quaternion(0.37750503, -0.59601724, 0.37753144, 0.5997696)
bones/122/rotation = Quaternion(-0.27852204, -0.2388829, -0.070166424, 0.9275975)
bones/123/rotation = Quaternion(0.31547087, -0.0106209405, -0.031651568, 0.94834787)
bones/124/rotation = Quaternion(0.4986659, 0.0034019237, -0.050771743, 0.8652994)
bones/125/rotation = Quaternion(0.20906115, 0.0019287914, -0.021288574, 0.97766894)
bones/127/rotation = Quaternion(0.5920259, -0.06952771, 0.0023627575, 0.80291075)
bones/128/rotation = Quaternion(0.52885103, -0.00030338764, -0.053842843, 0.84700507)
bones/129/rotation = Quaternion(0.122185886, -0.000100746736, -0.012439815, 0.9924293)
bones/131/rotation = Quaternion(0.44152498, -0.018615935, -0.044485345, 0.8959522)
bones/132/rotation = Quaternion(0.53580356, 0.00039792052, -0.05450629, 0.84258145)
bones/133/rotation = Quaternion(0.15494356, 0.00012029706, -0.015762059, 0.98779756)
bones/135/rotation = Quaternion(0.50738007, -0.024457522, -0.042247023, 0.86033857)
bones/136/rotation = Quaternion(0.5860372, 0.0022109672, -0.059681416, 0.80808026)
bones/137/rotation = Quaternion(0.22265382, 0.00044725835, -0.02267173, 0.9746339)
bones/139/rotation = Quaternion(-0.16932337, 0.7250427, 0.14703205, 0.65117145)
bones/140/rotation = Quaternion(-0.02705423, 0.17284806, 0.047004025, 0.98345435)
bones/141/rotation = Quaternion(-0.08278442, -0.024142098, -0.03730723, 0.9955763)
bones/151/rotation = Quaternion(0.66074544, -0.6146839, -0.21691616, -0.37219146)
bones/152/rotation = Quaternion(-0.5478665, 0.6602754, -0.49492702, 0.13757153)
bones/153/rotation = Quaternion(0.53545386, 0.4618101, -0.5354629, 0.46184415)
bones/154/rotation = Quaternion(-0.28615648, -0.3377503, 0.050760496, 0.8952445)
bones/155/rotation = Quaternion(0.10862741, 0.006635784, -0.015225839, 0.99394387)
bones/156/rotation = Quaternion(0.28292504, 0.0007216484, 0.023350807, 0.95885754)
bones/157/rotation = Quaternion(0.25667712, 0.0006643086, 0.021184294, 0.9662648)
bones/159/rotation = Quaternion(0.5343795, 0.04749071, 0.006136358, 0.84388715)
bones/160/rotation = Quaternion(0.65799594, 0.003372475, 0.054300956, 0.7510535)
bones/161/rotation = Quaternion(0.4973336, 0.002510555, 0.041042924, 0.8665845)
bones/163/rotation = Quaternion(0.4318789, 0.0012790525, 0.069879, 0.8992197)
bones/164/rotation = Quaternion(0.81922686, 0.0016023032, 0.06761587, 0.5694672)
bones/165/rotation = Quaternion(0.16318512, 0.00029712915, 0.013468862, 0.98650354)
bones/167/rotation = Quaternion(0.47724885, 0.039536122, 0.0064594755, 0.8778547)
bones/168/rotation = Quaternion(0.7615685, 0.004849279, 0.06284567, 0.6450119)
bones/169/rotation = Quaternion(0.42492086, 0.0027057228, 0.0350652, 0.9045471)
bones/171/rotation = Quaternion(-0.1033163, -0.705181, -0.25723362, 0.6525922)
bones/172/rotation = Quaternion(0.12434668, -0.27545306, 0.031740684, 0.9527099)
bones/173/rotation = Quaternion(0.40537032, -0.2379246, 0.14115304, 0.87128794)
bones/187/rotation = Quaternion(0.3973586, 0.07102014, 0.9032718, -0.14547351)
bones/188/rotation = Quaternion(0.0071345447, 0.9834412, -0.18106805, 0.002644738)
bones/189/rotation = Quaternion(-0.0021702393, 0.7263159, -0.6869491, 0.023693552)
bones/190/rotation = Quaternion(-5.6799463e-09, 1, -5.662441e-07, 3.300954e-08)
bones/192/rotation = Quaternion(0.046609137, -0.035659947, 0.99711984, 0.04804251)
bones/193/rotation = Quaternion(-0.008219223, 0.9656374, -0.25960305, -0.00912105)
bones/194/rotation = Quaternion(-0.054031506, 0.5621543, -0.8129775, -0.1418831)
bones/195/rotation = Quaternion(-6.956097e-08, 1, 1.7438244e-05, 2.0484054e-08)

[node name="BoneAttachment3D3" type="BoneAttachment3D" parent="model/GeneralSkeleton" index="1" unique_id=56870049]
transform = Transform3D(-0.10812643, 0.23172978, 0.96675247, 0.98544353, 0.1533105, 0.07346849, -0.13118841, 0.9606238, -0.24493352, -0.12123129, 1.2777597, 0.27834207)
bone_name = "RightIndexProximal"
bone_idx = 155

[node name="Sketchfab_Scene" parent="model/GeneralSkeleton/BoneAttachment3D3" unique_id=1947599148 instance=ExtResource("2_itw32")]
transform = Transform3D(-0.0985371, 0.992407, 0.07362361, 0.92087543, 0.11897734, -0.37125915, -0.37719947, 0.031215377, -0.92560565, -0.029873729, 0.14543766, -0.029279798)

[node name="Muzzle" type="Marker3D" parent="model/GeneralSkeleton/BoneAttachment3D3/Sketchfab_Scene" unique_id=1563178121]
transform = Transform3D(0.053910263, 0.01141842, -0.9799101, -0.09811178, 0.9765234, 0.005981725, 0.9750528, 0.097628176, 0.05477967, 0.42154053, 0.063010454, 0.00085139833)

[node name="pose_up" type="Marker3D" parent="model/GeneralSkeleton" index="2" unique_id=33646986]
transform = Transform3D(0.83745825, -0.29112533, -0.46250382, 0.54491645, 0.3804207, 0.74722564, -0.041590244, -0.87779623, 0.47722548, 0.0031951289, 1.0830835, -0.0032092123)

[node name="pose_down" type="Marker3D" parent="model/GeneralSkeleton" index="3" unique_id=2095524867]
transform = Transform3D(0.8869958, -0.24158496, -0.39354214, -0.4430025, -0.20463409, -0.8728539, 0.1303362, 0.94855773, -0.28853235, 0.0031951289, 1.0830835, -0.0032092123)

[node name="pose_center" type="Marker3D" parent="model/GeneralSkeleton" index="4" unique_id=1762579464]
transform = Transform3D(0.766481, -0.12121008, -0.6307259, -0.0031586327, 0.98130727, -0.19242169, 0.64225936, 0.1494798, 0.7517705, 0.0031951289, 1.0830835, -0.0032092123)

[node name="BoneAttachment3D" parent="model/GeneralSkeleton" index="5" unique_id=1380739187]
transform = Transform3D(0.89199483, -0.16538903, 0.42070407, 0.36668128, -0.27955335, -0.88735265, 0.26436776, 0.9457782, -0.18871498, -0.051330935, 1.4451989, 0.08436243)

[node name="BoneAttachment3D2" parent="model/GeneralSkeleton" index="6" unique_id=502976499]
transform = Transform3D(0.89199483, -0.16538903, 0.42070407, 0.36668128, -0.27955335, -0.88735265, 0.26436776, 0.9457782, -0.18871498, -0.08223253, 1.432496, 0.075203896)

[editable path="model"]
