[gd_scene format=3 uid="uid://dbxqqcnwkvl1o"]

[ext_resource type="Script" uid="uid://dgtpoef808p3r" path="res://scripts/player.gd" id="1_im60l"]
[ext_resource type="Script" uid="uid://ura6g40j0xgy" path="res://scripts/components/movement_component.gd" id="6_4ukxt"]
[ext_resource type="Script" uid="uid://derlmu2e80bwa" path="res://scripts/components/aim_component.gd" id="7_dju8u"]
[ext_resource type="AnimationNodeStateMachine" uid="uid://ckqdehmgnjjsa" path="res://assets/leama/new_animation_node_state_machine.tres" id="7_htroi"]
[ext_resource type="Script" uid="uid://cjw5y6ylgqk" path="res://scripts/components/network_component.gd" id="8_j2pk7"]
[ext_resource type="PackedScene" uid="uid://50txf437eson" path="res://assets/leama/catgirl.res" id="8_k1oxr"]
[ext_resource type="Script" uid="uid://dxx82m6a1bxso" path="res://scripts/components/animation_component.gd" id="9_htroi"]
[ext_resource type="Script" uid="uid://cpbcm8tv4k1jg" path="res://scripts/components/weapon_holder.gd" id="10_k1oxr"]
[ext_resource type="Script" uid="uid://duvvfdtpc8sqa" path="res://scripts/components/health_component.gd" id="11_c5mrf"]

[sub_resource type="CapsuleShape3D" id="CapsuleShape3D_74rfg"]
radius = 0.19140625
height = 1.5681152

[sub_resource type="GDScript" id="GDScript_htroi"]
script/source = "extends SpringBoneSimulator3D


# Called when the node enters the scene tree for the first time.
func _ready() -> void:
	Settings.connect(\"potato_changed\", func(v): active = !v)


# Called every frame. 'delta' is the elapsed time since the previous frame.
func _process(delta: float) -> void:
	pass
"

[node name="Player" type="CharacterBody3D" unique_id=789800810]
collision_layer = 3
script = ExtResource("1_im60l")

[node name="CollisionShape3D" type="CollisionShape3D" parent="." unique_id=1753546581]
transform = Transform3D(1, 0, 0, 0, 1, 0, 0, 0, 1, 0, 0.83015585, 0)
shape = SubResource("CapsuleShape3D_74rfg")

[node name="Label3D" type="Label3D" parent="." unique_id=480312769]
transform = Transform3D(1, 0, 0, 0, 1, 0, 0, 0, 1, 0, 2.3, 0)
billboard = 2
text = "Name"

[node name="Camera3D" type="Camera3D" parent="." unique_id=1666560201]
transform = Transform3D(1, 0, 0, 0, 1, 0, 0, 0, 1, 0, 1.4112831, 0)

[node name="AnimationTree" type="AnimationTree" parent="." unique_id=525226425]
root_node = NodePath("../model")
tree_root = ExtResource("7_htroi")
anim_player = NodePath("../model/AnimationPlayer")
parameters/conditions/hit = false
parameters/conditions/idle = false
parameters/conditions/moving = false
parameters/conditions/shoot = false
parameters/BlendSpace2D/blend_position = Vector2(0, 0)

[node name="model" parent="." unique_id=1298729298 instance=ExtResource("8_k1oxr")]
transform = Transform3D(-0.98495585, 0, -0.17280598, 0, 1, 0, 0.17280598, 0, -0.98495585, 0, -0.038183607, 0)

[node name="GeneralSkeleton" parent="model" index="1" unique_id=419151538]
bones/2/rotation = Quaternion(-0.11043398, -0.34039566, -0.0328143, 0.933198)
bones/3/rotation = Quaternion(0.06501467, 0.00030067028, -0.0008310451, 0.9978839)
bones/4/rotation = Quaternion(0.13617598, -0.00013810744, -0.006320871, 0.9906645)
bones/5/rotation = Quaternion(0.13887247, -0.00067683443, -0.006201851, 0.99029064)
bones/14/rotation = Quaternion(0.0044355136, 0.06520855, 0.0073652486, 0.9978347)
bones/15/rotation = Quaternion(-0.04009315, 0.19115154, 0.09160999, 0.9764534)
bones/119/rotation = Quaternion(0.60345125, 0.6643379, 0.31589434, -0.307754)
bones/120/rotation = Quaternion(0.2266104, 0.81324345, -0.46506009, 0.26646224)
bones/121/rotation = Quaternion(0.37824762, -0.59554386, 0.37827414, 0.5993037)
bones/122/rotation = Quaternion(-0.2803539, -0.23695943, -0.07082198, 0.92748916)
bones/123/rotation = Quaternion(0.31542236, -0.010614741, -0.03166035, 0.9483638)
bones/124/rotation = Quaternion(0.49887395, 0.0034033353, -0.050792925, 0.8651782)
bones/125/rotation = Quaternion(0.20906115, 0.0019287914, -0.021288574, 0.97766894)
bones/127/rotation = Quaternion(0.59182376, -0.06951672, 0.0024139148, 0.8030606)
bones/128/rotation = Quaternion(0.52885103, -0.00030338764, -0.053842843, 0.84700507)
bones/129/rotation = Quaternion(0.122185886, -0.000100746736, -0.012439815, 0.9924293)
bones/131/rotation = Quaternion(0.44163346, -0.018632565, -0.044472333, 0.89589906)
bones/132/rotation = Quaternion(0.53580356, 0.00039792052, -0.05450629, 0.84258145)
bones/133/rotation = Quaternion(0.15494356, 0.00012029706, -0.015762059, 0.98779756)
bones/135/rotation = Quaternion(0.5073124, -0.024454147, -0.042239666, 0.860379)
bones/136/rotation = Quaternion(0.5860372, 0.0022109672, -0.059681416, 0.80808026)
bones/137/rotation = Quaternion(0.22265382, 0.00044725835, -0.02267173, 0.9746339)
bones/139/rotation = Quaternion(-0.16938467, 0.7249184, 0.1471071, 0.651277)
bones/140/rotation = Quaternion(-0.02712847, 0.17290665, 0.047035124, 0.9834404)
bones/141/rotation = Quaternion(-0.08278442, -0.024142098, -0.03730723, 0.9955763)
bones/151/rotation = Quaternion(0.66074544, -0.6146839, -0.21691616, -0.37219146)
bones/152/rotation = Quaternion(-0.54869086, 0.660145, -0.49492395, 0.13489747)
bones/153/rotation = Quaternion(0.53545386, 0.4618101, -0.5354629, 0.46184415)
bones/154/rotation = Quaternion(-0.28547296, -0.33870366, 0.05079686, 0.8951005)
bones/155/rotation = Quaternion(0.10859265, 0.0066341283, -0.015235343, 0.9939475)
bones/156/rotation = Quaternion(0.28292504, 0.0007216484, 0.023350807, 0.95885754)
bones/157/rotation = Quaternion(0.25667712, 0.0006643086, 0.021184294, 0.9662648)
bones/159/rotation = Quaternion(0.5343795, 0.04749071, 0.006136358, 0.84388715)
bones/160/rotation = Quaternion(0.65799594, 0.003372475, 0.054300956, 0.7510535)
bones/161/rotation = Quaternion(0.4973336, 0.002510555, 0.041042924, 0.8665845)
bones/163/rotation = Quaternion(0.43208268, 0.0012834714, 0.06988456, 0.8991213)
bones/164/rotation = Quaternion(0.81922686, 0.0016023032, 0.06761587, 0.5694672)
bones/165/rotation = Quaternion(0.16318512, 0.00029712915, 0.013468862, 0.98650354)
bones/167/rotation = Quaternion(0.47724885, 0.039536122, 0.0064594755, 0.8778547)
bones/168/rotation = Quaternion(0.7615685, 0.004849279, 0.06284567, 0.6450119)
bones/169/rotation = Quaternion(0.42492086, 0.0027057228, 0.0350652, 0.9045471)
bones/171/rotation = Quaternion(-0.10308381, -0.705249, -0.25702482, 0.65263766)
bones/172/rotation = Quaternion(0.124559715, -0.27533495, 0.031830102, 0.9527132)
bones/173/rotation = Quaternion(0.40536892, -0.23791999, 0.1410927, 0.8712996)
bones/187/rotation = Quaternion(0.397128, 0.071715795, 0.9032897, -0.14565068)
bones/188/rotation = Quaternion(0.005958037, 0.9831424, -0.18268009, 0.0048727877)
bones/189/rotation = Quaternion(-0.0040805116, 0.72580016, -0.68753135, 0.022319494)
bones/190/rotation = Quaternion(-5.6799463e-09, 1, -5.662441e-07, 3.300954e-08)
bones/192/rotation = Quaternion(0.046545085, -0.0353034, 0.99714345, 0.047877852)
bones/193/rotation = Quaternion(-0.0084528085, 0.9653633, -0.26068497, -0.006752174)
bones/194/rotation = Quaternion(-0.055455077, 0.5614336, -0.8131554, -0.14316231)
bones/195/rotation = Quaternion(-7.527499e-08, 1, -2.387847e-05, 2.1873001e-08)

[node name="SpringBoneSimulator3D" parent="model/GeneralSkeleton" index="0" unique_id=1071649846]
active = false
script = SubResource("GDScript_htroi")

[node name="BoneAttachment3D3" type="BoneAttachment3D" parent="model/GeneralSkeleton" index="1" unique_id=56870049]
transform = Transform3D(-0.108378254, 0.23263429, 0.9665068, 0.9854674, 0.15306161, 0.07366326, -0.13079843, 0.96044457, -0.24584231, -0.121819094, 1.2774556, 0.2800693)
bone_name = "RightIndexProximal"
bone_idx = 155

[node name="pose_up" type="Marker3D" parent="model/GeneralSkeleton" index="2" unique_id=33646986]
transform = Transform3D(0.86160225, -0.14931935, -0.4851243, 0.50721306, 0.21673295, 0.8341233, -0.01940839, -0.96474385, 0.26247442, 0.0031951289, 1.0530337, -0.0032092123)

[node name="pose_down" type="Marker3D" parent="model/GeneralSkeleton" index="3" unique_id=2095524867]
transform = Transform3D(0.88159734, -0.24351616, -0.40433338, -0.43949285, -0.11109393, -0.89135, 0.17213911, 0.9635135, -0.20496385, 0.0031951289, 1.0530337, -0.0032092123)

[node name="pose_center" type="Marker3D" parent="model/GeneralSkeleton" index="4" unique_id=1762579464]
transform = Transform3D(0.735139, -0.085492104, -0.67250365, 0.14031081, 0.9897238, 0.027560282, 0.66323686, -0.11462018, 0.73958015, 0.0031951289, 1.0530337, -0.0032092123)

[node name="BoneAttachment3DLeftEye" parent="model/GeneralSkeleton" index="5" unique_id=1380739187]
transform = Transform3D(0.8911575, -0.16495508, 0.42264405, 0.36718547, -0.2849359, -0.88543016, 0.26648268, 0.9442465, -0.19335371, -0.05252088, 1.4445467, 0.08699188)

[node name="BoneAttachment3D2" parent="model/GeneralSkeleton" index="6" unique_id=502976499]
transform = Transform3D(0.8911575, -0.16495508, 0.42264405, 0.36718547, -0.2849359, -0.88543016, 0.26648268, 0.9442465, -0.19335371, -0.08339346, 1.4318262, 0.07776007)

[node name="MovementComponent" type="Node" parent="." unique_id=1417974932]
script = ExtResource("6_4ukxt")
metadata/_custom_type_script = "uid://ura6g40j0xgy"

[node name="AimComponent" type="Node" parent="." unique_id=1164373136]
script = ExtResource("7_dju8u")
spine_bone_name = "Spine"
metadata/_custom_type_script = "uid://derlmu2e80bwa"

[node name="NetworkComponent" type="Node" parent="." unique_id=1733496435]
script = ExtResource("8_j2pk7")
metadata/_custom_type_script = "uid://cjw5y6ylgqk"

[node name="AnimationComponent" type="Node" parent="." unique_id=1711331939]
script = ExtResource("9_htroi")
metadata/_custom_type_script = "uid://dxx82m6a1bxso"

[node name="WeaponHolder" type="Node" parent="." unique_id=1144356530 node_paths=PackedStringArray("weapon_mount")]
script = ExtResource("10_k1oxr")
weapon_mount = NodePath("../model/GeneralSkeleton/BoneAttachment3D3")
metadata/_custom_type_script = "uid://cpbcm8tv4k1jg"

[node name="HealthComponent" type="Node" parent="." unique_id=1559773746]
script = ExtResource("11_c5mrf")
metadata/_custom_type_script = "uid://duvvfdtpc8sqa"

[editable path="model"]
