[gd_scene format=3 uid="uid://dbxqqcnwkvl1o"]

[ext_resource type="Script" uid="uid://eedgvk0u0hei" path="res://scenes/player.gd" id="1_im60l"]
[ext_resource type="Script" uid="uid://ura6g40j0xgy" path="res://scripts/components/movement_component.gd" id="6_4ukxt"]
[ext_resource type="Script" uid="uid://derlmu2e80bwa" path="res://scripts/components/aim_component.gd" id="7_dju8u"]
[ext_resource type="AnimationNodeStateMachine" uid="uid://ckqdehmgnjjsa" path="res://assets/leama/new_animation_node_state_machine.tres" id="7_htroi"]
[ext_resource type="Script" uid="uid://cjw5y6ylgqk" path="res://scripts/components/network_component.gd" id="8_j2pk7"]
[ext_resource type="PackedScene" uid="uid://50txf437eson" path="res://assets/leama/catgirl.res" id="8_k1oxr"]
[ext_resource type="Script" uid="uid://dxx82m6a1bxso" path="res://scripts/components/animation_component.gd" id="9_htroi"]
[ext_resource type="Script" uid="uid://cpbcm8tv4k1jg" path="res://scripts/components/weapon_holder.gd" id="10_k1oxr"]
[ext_resource type="Script" uid="uid://duvvfdtpc8sqa" path="res://scripts/components/health_component.gd" id="11_c5mrf"]

[sub_resource type="CapsuleShape3D" id="CapsuleShape3D_74rfg"]
radius = 0.3071289
height = 1.6225586

[sub_resource type="GDScript" id="GDScript_htroi"]
script/source = "extends SpringBoneSimulator3D


# Called when the node enters the scene tree for the first time.
func _ready() -> void:
	Settings.connect(\"potato_changed\", func(v): active = !v)


# Called every frame. 'delta' is the elapsed time since the previous frame.
func _process(delta: float) -> void:
	pass
"

[node name="Player" type="CharacterBody3D" unique_id=789800810]
collision_layer = 3
script = ExtResource("1_im60l")

[node name="CollisionShape3D" type="CollisionShape3D" parent="." unique_id=1753546581]
transform = Transform3D(1, 0, 0, 0, 1, 0, 0, 0, 1, 0, 0.8573775, 0)
shape = SubResource("CapsuleShape3D_74rfg")

[node name="Label3D" type="Label3D" parent="." unique_id=480312769]
transform = Transform3D(1, 0, 0, 0, 1, 0, 0, 0, 1, 0, 2.3, 0)
billboard = 2
text = "Name"

[node name="Camera3D" type="Camera3D" parent="." unique_id=1666560201]
transform = Transform3D(1, 0, 0, 0, 1, 0, 0, 0, 1, 0, 1.4112831, 0)

[node name="AnimationTree" type="AnimationTree" parent="." unique_id=525226425]
root_node = NodePath("../model")
tree_root = ExtResource("7_htroi")
anim_player = NodePath("../model/AnimationPlayer")
parameters/conditions/hit = false
parameters/conditions/idle = false
parameters/conditions/moving = false
parameters/conditions/shoot = false
parameters/BlendSpace2D/blend_position = Vector2(0, 0)

[node name="model" parent="." unique_id=1298729298 instance=ExtResource("8_k1oxr")]
transform = Transform3D(-0.9917653, 0, -0.12806872, 0, 1, 0, 0.12806872, 0, -0.9917653, 0, 0, 0)

[node name="GeneralSkeleton" parent="model" index="1" unique_id=419151538]
bones/2/rotation = Quaternion(-0.112090796, -0.3397927, -0.031551555, 0.9332638)
bones/3/rotation = Quaternion(0.064739734, -0.00014317721, -0.0007065793, 0.9979019)
bones/4/rotation = Quaternion(0.144761, -5.4795913e-05, -0.0060289353, 0.98944837)
bones/5/rotation = Quaternion(0.14356199, -0.00054264005, -0.0059086904, 0.9896236)
bones/14/rotation = Quaternion(0.006145452, 0.065143466, 0.0078305965, 0.99782634)
bones/15/rotation = Quaternion(-0.031730372, 0.19058493, 0.09283088, 0.97675645)
bones/119/rotation = Quaternion(0.6027638, 0.6650047, 0.3171086, -0.30640966)
bones/120/rotation = Quaternion(0.22633277, 0.8134631, -0.4607834, 0.2733681)
bones/121/rotation = Quaternion(0.3792756, -0.59488666, 0.3793021, 0.59865665)
bones/122/rotation = Quaternion(-0.2799786, -0.24210835, -0.06895534, 0.92641294)
bones/123/rotation = Quaternion(0.31614503, -0.010707522, -0.031528242, 0.9481264)
bones/124/rotation = Quaternion(0.49920803, 0.0034056238, -0.050827015, 0.8649835)
bones/125/rotation = Quaternion(0.20906115, 0.0019287914, -0.021288574, 0.97766894)
bones/127/rotation = Quaternion(0.59070987, -0.069624305, 0.0029321583, 0.80386925)
bones/128/rotation = Quaternion(0.52885103, -0.00030338764, -0.053842843, 0.84700507)
bones/129/rotation = Quaternion(0.122185886, -0.000100746736, -0.012439815, 0.9924293)
bones/131/rotation = Quaternion(0.44049466, -0.018624824, -0.044269077, 0.8964697)
bones/132/rotation = Quaternion(0.53580356, 0.00039792052, -0.05450629, 0.84258145)
bones/133/rotation = Quaternion(0.15494356, 0.00012029706, -0.015762059, 0.98779756)
bones/135/rotation = Quaternion(0.50598353, -0.024438417, -0.04200672, 0.8611731)
bones/136/rotation = Quaternion(0.5860372, 0.0022109672, -0.059681416, 0.80808026)
bones/137/rotation = Quaternion(0.22265382, 0.00044725835, -0.02267173, 0.9746339)
bones/139/rotation = Quaternion(-0.16873251, 0.72450835, 0.14635132, 0.65207237)
bones/140/rotation = Quaternion(-0.026604597, 0.17244397, 0.046830703, 0.9835458)
bones/141/rotation = Quaternion(-0.08278442, -0.024142098, -0.03730723, 0.9955763)
bones/151/rotation = Quaternion(0.66074544, -0.6146839, -0.21691616, -0.37219146)
bones/152/rotation = Quaternion(-0.5512924, 0.65972865, -0.494882, 0.12620059)
bones/153/rotation = Quaternion(0.53545386, 0.4618101, -0.5354629, 0.46184415)
bones/154/rotation = Quaternion(-0.2838989, -0.344343, 0.05891972, 0.892949)
bones/155/rotation = Quaternion(0.109120846, 0.006659303, -0.015090898, 0.99389166)
bones/156/rotation = Quaternion(0.28292504, 0.0007216484, 0.023350807, 0.95885754)
bones/157/rotation = Quaternion(0.25667712, 0.0006643086, 0.021184294, 0.9662648)
bones/159/rotation = Quaternion(0.5343795, 0.04749071, 0.006136358, 0.84388715)
bones/160/rotation = Quaternion(0.65799594, 0.003372475, 0.054300956, 0.7510535)
bones/161/rotation = Quaternion(0.4973336, 0.002510555, 0.041042924, 0.8665845)
bones/163/rotation = Quaternion(0.43095297, 0.0012925095, 0.06978365, 0.8996712)
bones/164/rotation = Quaternion(0.81922686, 0.0016023032, 0.06761587, 0.5694672)
bones/165/rotation = Quaternion(0.16318512, 0.00029712915, 0.013468862, 0.98650354)
bones/167/rotation = Quaternion(0.47724885, 0.039536122, 0.0064594755, 0.8778547)
bones/168/rotation = Quaternion(0.7615685, 0.004849279, 0.06284567, 0.6450119)
bones/169/rotation = Quaternion(0.42492086, 0.0027057228, 0.0350652, 0.9045471)
bones/171/rotation = Quaternion(-0.099599235, -0.70649636, -0.2539297, 0.653041)
bones/172/rotation = Quaternion(0.12604254, -0.2745234, 0.03245188, 0.9527314)
bones/173/rotation = Quaternion(0.4053728, -0.2379354, 0.14128226, 0.87126285)
bones/187/rotation = Quaternion(0.39509708, 0.071280874, 0.9046328, -0.14302728)
bones/188/rotation = Quaternion(0.0040819095, 0.9833158, -0.18161239, 0.009500697)
bones/189/rotation = Quaternion(-0.0056499485, 0.72718376, -0.6861238, 0.020149115)
bones/190/rotation = Quaternion(-5.6799463e-09, 1, -5.662441e-07, 3.300954e-08)
bones/192/rotation = Quaternion(0.047065213, -0.032866295, 0.9971615, 0.0487199)
bones/193/rotation = Quaternion(-0.007841761, 0.96423966, -0.26483783, -0.006441199)
bones/194/rotation = Quaternion(-0.056504615, 0.56077445, -0.81329274, -0.14454821)
bones/195/rotation = Quaternion(6.3081416e-08, 0.9999998, -0.0007290192, -1.7488938e-08)

[node name="SpringBoneSimulator3D" parent="model/GeneralSkeleton" index="0" unique_id=1071649846]
active = false
script = SubResource("GDScript_htroi")

[node name="BoneAttachment3D3" type="BoneAttachment3D" parent="model/GeneralSkeleton" index="1" unique_id=56870049]
transform = Transform3D(-0.107585095, 0.2405261, 0.96466196, 0.9865563, 0.1458829, 0.073653, -0.123012275, 0.9596174, -0.2529875, -0.1239662, 1.276451, 0.28237736)
bone_name = "RightIndexProximal"
bone_idx = 155

[node name="pose_up" type="Marker3D" parent="model/GeneralSkeleton" index="2" unique_id=33646986]
transform = Transform3D(0.83745825, -0.29112533, -0.46250382, 0.54491645, 0.3804207, 0.74722564, -0.041590244, -0.87779623, 0.47722548, 0.0031951289, 1.0830835, -0.0032092123)

[node name="pose_down" type="Marker3D" parent="model/GeneralSkeleton" index="3" unique_id=2095524867]
transform = Transform3D(0.8869958, -0.24158496, -0.39354214, -0.4430025, -0.20463409, -0.8728539, 0.1303362, 0.94855773, -0.28853235, 0.0031951289, 1.0830835, -0.0032092123)

[node name="pose_center" type="Marker3D" parent="model/GeneralSkeleton" index="4" unique_id=1762579464]
transform = Transform3D(0.766481, -0.12121008, -0.6307259, -0.0031586327, 0.98130727, -0.19242169, 0.64225936, 0.1494798, 0.7517705, 0.0031951289, 1.0830835, -0.0032092123)

[node name="BoneAttachment3DLeftEye" parent="model/GeneralSkeleton" index="5" unique_id=1380739187]
transform = Transform3D(0.8802367, -0.1534431, 0.4490418, 0.3857411, -0.31976873, -0.86542004, 0.27638227, 0.93498826, -0.22228283, -0.05956345, 1.4410399, 0.09212023)

[node name="BoneAttachment3D2" parent="model/GeneralSkeleton" index="6" unique_id=502976499]
transform = Transform3D(0.8802367, -0.1534431, 0.4490418, 0.3857411, -0.31976873, -0.86542004, 0.27638227, 0.93498826, -0.22228283, -0.0900577, 1.4276766, 0.082545474)

[node name="MovementComponent" type="Node" parent="." unique_id=1417974932]
script = ExtResource("6_4ukxt")
metadata/_custom_type_script = "uid://ura6g40j0xgy"

[node name="AimComponent" type="Node" parent="." unique_id=1164373136]
script = ExtResource("7_dju8u")
spine_bone_name = "Spine"
metadata/_custom_type_script = "uid://derlmu2e80bwa"

[node name="NetworkComponent" type="Node" parent="." unique_id=1733496435]
script = ExtResource("8_j2pk7")
metadata/_custom_type_script = "uid://cjw5y6ylgqk"

[node name="AnimationComponent" type="Node" parent="." unique_id=1711331939]
script = ExtResource("9_htroi")
metadata/_custom_type_script = "uid://dxx82m6a1bxso"

[node name="WeaponHolder" type="Node" parent="." unique_id=1144356530 node_paths=PackedStringArray("weapon_mount")]
script = ExtResource("10_k1oxr")
weapon_mount = NodePath("../model/GeneralSkeleton/BoneAttachment3D3")
metadata/_custom_type_script = "uid://cpbcm8tv4k1jg"

[node name="HealthComponent" type="Node" parent="." unique_id=1559773746]
script = ExtResource("11_c5mrf")
metadata/_custom_type_script = "uid://duvvfdtpc8sqa"

[editable path="model"]
