[gd_scene format=3 uid="uid://dbxqqcnwkvl1o"]

[ext_resource type="Script" uid="uid://eedgvk0u0hei" path="res://scenes/player.gd" id="1_im60l"]
[ext_resource type="PackedScene" uid="uid://rhwp02aggmh5" path="res://scenes/weapons/ar15.tscn" id="2_itw32"]
[ext_resource type="AnimationNodeStateMachine" uid="uid://ckqdehmgnjjsa" path="res://assets/leama/new_animation_node_state_machine.tres" id="7_htroi"]
[ext_resource type="PackedScene" uid="uid://50txf437eson" path="res://assets/leama/catgirl.res" id="8_k1oxr"]
[ext_resource type="Script" uid="uid://j1mpd6vqk4l4" path="res://scripts/weapon.gd" id="23_wwacj"]
[ext_resource type="PackedScene" uid="uid://dc3s4xicrws8p" path="res://scenes/test_bullet.tscn" id="24_067f8"]
[ext_resource type="PackedScene" uid="uid://pim0xaimmmtq" path="res://scenes/test_flash.tscn" id="25_klxuw"]
[ext_resource type="PackedScene" uid="uid://cucnr8wrof6a" path="res://scenes/test_hit.tscn" id="26_nhfh5"]
[ext_resource type="Script" uid="uid://xvbjirqn2dk6" path="res://scripts/player_ui.gd" id="27_orc2n"]

[sub_resource type="CapsuleShape3D" id="CapsuleShape3D_74rfg"]
radius = 0.3071289
height = 1.6225586

[node name="Player" type="CharacterBody3D" unique_id=789800810]
collision_layer = 3
script = ExtResource("1_im60l")
spine_bone_name = "Chest"

[node name="CollisionShape3D" type="CollisionShape3D" parent="." unique_id=1753546581]
transform = Transform3D(1, 0, 0, 0, 1, 0, 0, 0, 1, 0, 0.8573775, 0)
shape = SubResource("CapsuleShape3D_74rfg")

[node name="Label3D" type="Label3D" parent="." unique_id=480312769]
transform = Transform3D(1, 0, 0, 0, 1, 0, 0, 0, 1, 0, 2.3, 0)
billboard = 2
text = "Name"

[node name="Weapon" type="Node3D" parent="." unique_id=946586037 node_paths=PackedStringArray("muzzle")]
script = ExtResource("23_wwacj")
bullet_scene = ExtResource("24_067f8")
muzzle_flash = ExtResource("25_klxuw")
hit = ExtResource("26_nhfh5")
muzzle = NodePath("../model/GeneralSkeleton/BoneAttachment3D3/Sketchfab_Scene/Muzzle")

[node name="UI" type="Control" parent="." unique_id=764021399 node_paths=PackedStringArray("player")]
layout_mode = 3
anchors_preset = 15
anchor_right = 1.0
anchor_bottom = 1.0
grow_horizontal = 2
grow_vertical = 2
mouse_filter = 2
script = ExtResource("27_orc2n")
player = NodePath("..")

[node name="ColorRect" type="ColorRect" parent="UI" unique_id=337857349]
custom_minimum_size = Vector2(2, 2)
layout_mode = 1
anchors_preset = 8
anchor_left = 0.5
anchor_top = 0.5
anchor_right = 0.5
anchor_bottom = 0.5
offset_left = -1.0
offset_top = -1.0
offset_right = 1.0
offset_bottom = 1.0
grow_horizontal = 2
grow_vertical = 2
mouse_filter = 2

[node name="HBoxContainer" type="HBoxContainer" parent="UI" unique_id=926390492]
layout_mode = 1
anchors_preset = 12
anchor_top = 1.0
anchor_right = 1.0
anchor_bottom = 1.0
offset_top = -23.0
grow_horizontal = 2
grow_vertical = 0

[node name="MarginContainer" type="MarginContainer" parent="UI/HBoxContainer" unique_id=289544877]
layout_mode = 2
theme_override_constants/margin_left = 10
theme_override_constants/margin_bottom = 10

[node name="HpLabel" type="Label" parent="UI/HBoxContainer/MarginContainer" unique_id=1180712875]
layout_mode = 2
theme_override_font_sizes/font_size = 32
text = "100"

[node name="Camera3D" type="Camera3D" parent="." unique_id=1666560201]
transform = Transform3D(1, 0, 0, 0, 1, 0, 0, 0, 1, 0, 1.4112831, 0)

[node name="AnimationTree" type="AnimationTree" parent="." unique_id=525226425]
root_node = NodePath("../model")
tree_root = ExtResource("7_htroi")
anim_player = NodePath("../model/AnimationPlayer")
parameters/conditions/hit = false
parameters/conditions/idle = false
parameters/conditions/moving = false
parameters/conditions/shoot = false
parameters/BlendSpace2D/blend_position = Vector2(0, 0)

[node name="model" parent="." unique_id=1298729298 instance=ExtResource("8_k1oxr")]
transform = Transform3D(-0.9917653, 0, -0.12806872, 0, 1, 0, 0.12806872, 0, -0.9917653, 0, 0, 0)

[node name="GeneralSkeleton" parent="model" index="1" unique_id=419151538]
bones/2/rotation = Quaternion(-0.111751884, -0.3399692, -0.030170433, 0.93328583)
bones/3/rotation = Quaternion(0.055169743, 0.00012656633, 0.0007879212, 0.99847674)
bones/4/rotation = Quaternion(0.1365043, 5.5492663e-05, -0.0051515517, 0.9906261)
bones/5/rotation = Quaternion(0.14055428, -0.00024920507, -0.0051033148, 0.99005985)
bones/14/rotation = Quaternion(0.00868223, 0.065168455, 0.007831977, 0.99780583)
bones/15/rotation = Quaternion(-0.026566656, 0.19026507, 0.09339753, 0.9769188)
bones/119/rotation = Quaternion(0.604124, 0.66359764, 0.3135741, -0.31039277)
bones/120/rotation = Quaternion(0.22343852, 0.8140042, -0.4725728, 0.2532733)
bones/121/rotation = Quaternion(0.3746056, -0.59785265, 0.3746317, 0.60157627)
bones/122/rotation = Quaternion(-0.2723264, -0.2462003, -0.06804657, 0.9276818)
bones/123/rotation = Quaternion(0.3158969, -0.0106754, -0.031574417, 0.948208)
bones/124/rotation = Quaternion(0.49890256, 0.0034035423, -0.05079588, 0.86516154)
bones/125/rotation = Quaternion(0.20906115, 0.0019287914, -0.021288574, 0.97766894)
bones/127/rotation = Quaternion(0.5912794, -0.069565326, 0.0026618086, 0.8034564)
bones/128/rotation = Quaternion(0.52885103, -0.00030338764, -0.053842843, 0.84700507)
bones/129/rotation = Quaternion(0.122185886, -0.000100746736, -0.012439815, 0.9924293)
bones/131/rotation = Quaternion(0.44081753, -0.01858774, -0.044406712, 0.896305)
bones/132/rotation = Quaternion(0.53580356, 0.00039792052, -0.05450629, 0.84258145)
bones/133/rotation = Quaternion(0.15494356, 0.00012029706, -0.015762059, 0.98779756)
bones/135/rotation = Quaternion(0.50505006, -0.024341863, -0.041992843, 0.86172414)
bones/136/rotation = Quaternion(0.5860372, 0.0022109672, -0.059681416, 0.80808026)
bones/137/rotation = Quaternion(0.22265382, 0.00044725835, -0.02267173, 0.9746339)
bones/139/rotation = Quaternion(-0.1687157, 0.7253552, 0.14625172, 0.65115696)
bones/140/rotation = Quaternion(-0.026402088, 0.17233323, 0.046730813, 0.9835754)
bones/141/rotation = Quaternion(-0.08278442, -0.024142098, -0.03730723, 0.9955763)
bones/151/rotation = Quaternion(0.66074544, -0.6146839, -0.21691616, -0.37219146)
bones/152/rotation = Quaternion(-0.54606557, 0.66077286, -0.49493438, 0.14223835)
bones/153/rotation = Quaternion(0.53545386, 0.4618101, -0.5354629, 0.46184415)
bones/154/rotation = Quaternion(-0.2881883, -0.33802837, 0.05751186, 0.89407873)
bones/155/rotation = Quaternion(0.108932644, 0.0066503333, -0.015142364, 0.9939116)
bones/156/rotation = Quaternion(0.28292504, 0.0007216484, 0.023350807, 0.95885754)
bones/157/rotation = Quaternion(0.25667712, 0.0006643086, 0.021184294, 0.9662648)
bones/159/rotation = Quaternion(0.5343795, 0.04749071, 0.006136358, 0.84388715)
bones/160/rotation = Quaternion(0.65799594, 0.003372475, 0.054300956, 0.7510535)
bones/161/rotation = Quaternion(0.4973336, 0.002510555, 0.041042924, 0.8665845)
bones/163/rotation = Quaternion(0.42989248, 0.0011739108, 0.06995533, 0.90016526)
bones/164/rotation = Quaternion(0.81922686, 0.0016023032, 0.06761587, 0.5694672)
bones/165/rotation = Quaternion(0.16318512, 0.00029712915, 0.013468862, 0.98650354)
bones/167/rotation = Quaternion(0.47724885, 0.039536122, 0.0064594755, 0.8778547)
bones/168/rotation = Quaternion(0.7615685, 0.004849279, 0.06284567, 0.6450119)
bones/169/rotation = Quaternion(0.42492086, 0.0027057228, 0.0350652, 0.9045471)
bones/171/rotation = Quaternion(-0.10020745, -0.7063145, -0.25451824, 0.65291554)
bones/172/rotation = Quaternion(0.12524004, -0.27496323, 0.032113966, 0.9527219)
bones/173/rotation = Quaternion(0.40538272, -0.23796521, 0.14168315, 0.87118506)
bones/187/rotation = Quaternion(0.3966182, 0.066172615, 0.9047341, -0.1406111)
bones/188/rotation = Quaternion(0.0061126156, 0.9849527, -0.17262991, 0.0054558623)
bones/189/rotation = Quaternion(-0.0030960743, 0.729822, -0.683255, 0.022647908)
bones/190/rotation = Quaternion(-5.6799463e-09, 1, -5.662441e-07, 3.300954e-08)
bones/192/rotation = Quaternion(0.047540687, -0.035753306, 0.9969529, 0.050464764)
bones/193/rotation = Quaternion(-0.007799597, 0.96570146, -0.25933427, -0.010279854)
bones/194/rotation = Quaternion(-0.054327816, 0.56294, -0.8124049, -0.14193442)
bones/195/rotation = Quaternion(7.682882e-08, 1, 0.00024651102, 1.1900443e-08)

[node name="BoneAttachment3D3" type="BoneAttachment3D" parent="model/GeneralSkeleton" index="1" unique_id=56870049]
transform = Transform3D(-0.10823465, 0.2342005, 0.9661445, 0.98656493, 0.1449357, 0.07538876, -0.12237262, 0.9613244, -0.24674106, -0.120603435, 1.2770456, 0.27337372)
bone_name = "RightIndexProximal"
bone_idx = 155

[node name="Sketchfab_Scene" parent="model/GeneralSkeleton/BoneAttachment3D3" unique_id=1947599148 instance=ExtResource("2_itw32")]
transform = Transform3D(-0.0985371, 0.992407, 0.07362361, 0.92087543, 0.11897734, -0.37125915, -0.37719947, 0.031215377, -0.92560565, -0.029873729, 0.14543766, -0.029279798)

[node name="Muzzle" type="Marker3D" parent="model/GeneralSkeleton/BoneAttachment3D3/Sketchfab_Scene" unique_id=1563178121]
transform = Transform3D(0.053910263, 0.01141842, -0.9799101, -0.09811178, 0.9765234, 0.005981725, 0.9750528, 0.097628176, 0.05477967, 0.42154053, 0.063010454, 0.00085139833)

[node name="pose_up" type="Marker3D" parent="model/GeneralSkeleton" index="2" unique_id=33646986]
transform = Transform3D(0.83745825, -0.29112533, -0.46250382, 0.54491645, 0.3804207, 0.74722564, -0.041590244, -0.87779623, 0.47722548, 0.0031951289, 1.0830835, -0.0032092123)

[node name="pose_down" type="Marker3D" parent="model/GeneralSkeleton" index="3" unique_id=2095524867]
transform = Transform3D(0.8869958, -0.24158496, -0.39354214, -0.4430025, -0.20463409, -0.8728539, 0.1303362, 0.94855773, -0.28853235, 0.0031951289, 1.0830835, -0.0032092123)

[node name="pose_center" type="Marker3D" parent="model/GeneralSkeleton" index="4" unique_id=1762579464]
transform = Transform3D(0.766481, -0.12121008, -0.6307259, -0.0031586327, 0.98130727, -0.19242169, 0.64225936, 0.1494798, 0.7517705, 0.0031951289, 1.0830835, -0.0032092123)

[node name="BoneAttachment3DLeftEye" parent="model/GeneralSkeleton" index="5" unique_id=1380739187]
transform = Transform3D(0.8850757, -0.15471739, 0.43897998, 0.3824029, -0.29595953, -0.87531465, 0.26534683, 0.94258714, -0.20278215, -0.052779235, 1.4444772, 0.07869727)

[node name="BoneAttachment3D2" parent="model/GeneralSkeleton" index="6" unique_id=502976499]
transform = Transform3D(0.8850757, -0.15471739, 0.43897998, 0.3824029, -0.29595953, -0.87531465, 0.26534683, 0.94258714, -0.20278215, -0.08344112, 1.4312295, 0.06950483)

[editable path="model"]
