[gd_scene format=4 uid="uid://dw4xmib1k242v"]

[ext_resource type="AnimationLibrary" uid="uid://nvby8x2dmhg1" path="res://assets/fuck/char.glb" id="1_cpcso"]
[ext_resource type="ArrayMesh" uid="uid://ceytjgnal8en6" path="res://assets/leama/res/new_array_mesh.res" id="2_1mc5d"]
[ext_resource type="Texture2D" uid="uid://dujvc5kpcj2jl" path="res://assets/leama/leama_1.png" id="3_jotnj"]
[ext_resource type="Texture2D" uid="uid://s5omura2qpg5" path="res://assets/leama/leama_3.png" id="5_umks4"]
[ext_resource type="Texture2D" uid="uid://diwor1bbvvavi" path="res://assets/leama/leama_4.png" id="6_5iqmv"]
[ext_resource type="Texture2D" uid="uid://b4qoe3yjc4y16" path="res://assets/leama/leama_5.png" id="7_dgqte"]
[ext_resource type="Texture2D" uid="uid://lspv5r6ix484" path="res://assets/leama/leama_6.png" id="8_y14go"]
[ext_resource type="Texture2D" uid="uid://6fdwmp0cirlw" path="res://assets/leama/leama_7.png" id="9_q2bva"]
[ext_resource type="Texture2D" uid="uid://b51ffv1i802mf" path="res://assets/leama/leama_8.png" id="10_ftdqb"]
[ext_resource type="Texture2D" uid="uid://jbgjowohh5l0" path="res://assets/leama/leama_9.png" id="11_7ava0"]
[ext_resource type="Texture2D" uid="uid://bmlcb0qxubkj0" path="res://assets/leama/leama_10.png" id="12_mktea"]
[ext_resource type="Texture2D" uid="uid://dd2tu76w5jbwi" path="res://assets/leama/leama_11.png" id="13_7elsr"]
[ext_resource type="Texture2D" uid="uid://bquupcatsfkyq" path="res://assets/leama/leama_12.png" id="14_hk1ek"]
[ext_resource type="Texture2D" uid="uid://w644i7qrahcf" path="res://assets/leama/leama_13.png" id="15_p0khi"]
[ext_resource type="Texture2D" uid="uid://c5y5mg8p7xtho" path="res://assets/leama/leama_14.png" id="16_f207n"]
[ext_resource type="Texture2D" uid="uid://wt7pk7kwp26t" path="res://assets/leama/leama_15.png" id="17_hpci6"]
[ext_resource type="Texture2D" uid="uid://d4j7cu5eqpwqo" path="res://assets/leama/leama_16.png" id="18_rapma"]
[ext_resource type="Texture2D" uid="uid://bduagttbkf0fw" path="res://assets/leama/leama_17.png" id="19_1v23s"]
[ext_resource type="Texture2D" uid="uid://x4u8g877asu0" path="res://assets/leama/leama_18.png" id="20_k462h"]
[ext_resource type="Texture2D" uid="uid://c2m88l8to7vob" path="res://assets/leama/leama_19.png" id="21_bfqai"]
[ext_resource type="Texture2D" uid="uid://vkdtd5t2714j" path="res://assets/leama/leama_20.png" id="22_r5dja"]

[sub_resource type="Skin" id="Skin_b0mlh"]
resource_name = "Skin"
bind_count = 197
bind/0/name = &"_rootJoint"
bind/0/bone = -1
bind/0/pose = Transform3D(1, 0, 0, 0, -1.6292067e-07, 1, 0, -1, -1.6292067e-07, 0, 0, 0)
bind/1/name = &"Root"
bind/1/bone = -1
bind/1/pose = Transform3D(100, 5.3290705e-13, 3.4228556e-06, -5.576539e-13, 99.99999, 4.3711366e-06, -3.4228556e-06, -4.3711366e-06, 99.99999, 0, 0, 0)
bind/2/name = &"Hips"
bind/2/bone = -1
bind/2/pose = Transform3D(1, 5.7731597e-15, 7.1054274e-15, -3.5527137e-15, 0.9999999, 7.450581e-09, -1.0658141e-14, -7.450581e-09, 0.9999999, -5.7731597e-15, -0.9167317, -0.0035760254)
bind/3/name = &"Spine"
bind/3/bone = -1
bind/3/pose = Transform3D(1, 5.3290705e-15, 7.1054274e-15, -8.881784e-16, 0.9999998, 2.9802322e-08, -1.4210855e-14, -5.9604645e-08, 0.9999999, -5.3290705e-15, -0.9688024, -0.016093418)
bind/4/name = &"Chest"
bind/4/bone = -1
bind/4/pose = Transform3D(1, 0, 0, -1.7763568e-15, 0.99999976, 7.450581e-09, 0, -7.450581e-09, 0.9999998, 0, -1.0818156, -0.019143313)
bind/5/name = &"UpperChest"
bind/5/bone = -1
bind/5/pose = Transform3D(1, -1.7763568e-15, -2.1316282e-14, -5.3290705e-15, 0.9999998, 5.9604645e-08, 7.1054274e-15, 0, 0.9999998, 5.3290705e-15, -1.1894593, -0.004496604)
bind/6/name = &"J_Sec_L_Bust1_028"
bind/6/bone = -1
bind/6/pose = Transform3D(0.890609, -0.047427163, -0.45229012, 0.4547118, 0.10876845, 0.8839721, 0.007270611, -0.9929351, 0.11843585, 0.04230057, -0.21753426, 1.1647652)
bind/7/name = &"J_Sec_L_Bust2_029"
bind/7/bone = -1
bind/7/pose = Transform3D(0.890609, -0.04743793, -0.45228946, 0.4547123, 0.10876613, 0.88397217, 0.0072599575, -0.99293476, 0.11843865, 0.042743437, -0.27473012, 1.1647688)
bind/8/name = &"J_Sec_L_Bust2_end_030"
bind/8/bone = -1
bind/8/pose = Transform3D(99.99999, -2.9802322e-06, 0, 0, 100, 0, 0, -7.4505806e-07, 100.000015, 0, 0, 0)
bind/9/name = &"J_Sec_L_Bust2_end_end_0165"
bind/9/bone = -1
bind/9/pose = Transform3D(99.99999, 2.9802322e-06, -3.7252903e-07, 0, 99.99999, 0, 0, 7.4505806e-07, 99.999985, -1.4901161e-08, 0, 0)
bind/10/name = &"J_Sec_R_Bust1_031"
bind/10/bone = -1
bind/10/pose = Transform3D(0.890609, 0.04742717, 0.45229024, -0.45471197, 0.108768426, 0.88397217, -0.0072705974, -0.9929351, 0.1184358, -0.04230059, -0.21753427, 1.1647652)
bind/11/name = &"J_Sec_R_Bust2_032"
bind/11/bone = -1
bind/11/pose = Transform3D(0.89060885, 0.047437966, 0.45228946, -0.45471233, 0.10876602, 0.88397205, -0.0072598807, -0.99293464, 0.11843858, -0.042743508, -0.27473003, 1.1647685)
bind/12/name = &"J_Sec_R_Bust2_end_033"
bind/12/bone = -1
bind/12/pose = Transform3D(99.999985, -2.9802322e-06, 7.4505806e-07, -2.9802322e-06, 99.99999, -7.4505806e-07, 0, -7.4505806e-07, 99.99999, -7.450581e-09, 0, 0)
bind/13/name = &"J_Sec_R_Bust2_end_end_0166"
bind/13/bone = -1
bind/13/pose = Transform3D(100.000015, 0, -3.7252903e-07, -5.9604645e-06, 100.000015, 0, -7.4505806e-07, -7.4505806e-07, 100.000015, -1.4901161e-08, -2.9802322e-08, 0)
bind/14/name = &"Neck"
bind/14/bone = -1
bind/14/pose = Transform3D(1, 5.3290705e-15, -2.842171e-14, -1.3322676e-14, 0.9999995, -7.450581e-09, -1.4210855e-14, 0, 0.9999996, -9.769963e-15, -1.3217473, 0.033859625)
bind/15/name = &"Head"
bind/15/bone = -1
bind/15/pose = Transform3D(1, -3.996803e-15, 2.842171e-14, 8.881784e-16, 0.99999964, -4.1909516e-08, 2.842171e-14, 4.004687e-08, 0.9999998, -1.5765522e-10, -1.3949219, 0.024711046)
bind/16/name = &"LeftEye"
bind/16/bone = -1
bind/16/pose = Transform3D(1, 2.6077032e-08, -5.47152e-09, 2.4680048e-08, 9.313226e-08, 0.9999999, 3.3527613e-08, -0.99999946, 1.15484e-07, -0.017321657, 0.003274843, 1.457565)
bind/17/name = &"J_Adj_L_FaceEye_end_0167"
bind/17/bone = -1
bind/17/pose = Transform3D(100.000015, 2.9802322e-06, 0, 0, 100, 3.7252903e-07, 1.8626451e-07, 0, 100.000015, 0, 0, 0)
bind/18/name = &"RightEye"
bind/18/bone = -1
bind/18/pose = Transform3D(0.99999994, -1.4901161e-08, -1.6548438e-07, -1.4377292e-08, -3.7252903e-08, 0.9999998, -1.6763806e-08, -0.99999964, -2.6077032e-08, 0.017321631, 0.0032750145, 1.4575651)
bind/19/name = &"J_Adj_R_FaceEye_end_0168"
bind/19/bone = -1
bind/19/pose = Transform3D(100, 2.9802322e-06, 0, 0, 100, 3.7252903e-07, 1.8626451e-07, -3.7252903e-07, 100, 0, 0, 0)
bind/20/name = &"J_Sec_Hair1_01_038"
bind/20/bone = -1
bind/20/pose = Transform3D(-0.97814935, -0.2071037, -0.018156357, 0.20789826, -0.9744136, -0.085417725, -1.4744863e-06, -0.08732606, 0.99617964, 0.21663362, 1.4243972, 0.08916929)
bind/21/name = &"J_Sec_Hair2_01_039"
bind/21/bone = -1
bind/21/pose = Transform3D(-0.8283146, -0.5402237, -0.1484974, 0.56026214, -0.79868966, -0.21954748, 1.3996598e-06, -0.26505208, 0.964234, 0.69643617, 1.1622744, 0.33798403)
bind/22/name = &"J_Sec_Hair3_01_040"
bind/22/bone = -1
bind/22/pose = Transform3D(100, -1.1175871e-05, -1.4901161e-06, 1.4528632e-05, 100, 1.4901161e-06, 4.4703484e-06, 0, 100.000015, 0, 0, 0)
bind/23/name = &"J_Sec_Hair3_01_end_041"
bind/23/bone = -1
bind/23/pose = Transform3D(99.99999, -1.1175871e-06, 1.4901161e-06, -3.7252903e-07, 99.999985, 0, -2.9802322e-06, 0, 99.99999, 5.9604645e-08, 1.1920929e-07, 2.9802322e-08)
bind/24/name = &"J_Sec_Hair3_01_end_end_0169"
bind/24/bone = -1
bind/24/pose = Transform3D(100.00002, 8.195639e-06, 2.9802322e-06, 0, 100, 1.4901161e-06, 1.4901161e-06, 1.4901161e-06, 100, 5.9604645e-08, 1.1920929e-07, 2.9802322e-08)
bind/25/name = &"J_Sec_Hair1_02_042"
bind/25/bone = -1
bind/25/pose = Transform3D(-0.9853304, 0.17062435, 0.003081237, -0.17065229, -0.98517025, -0.01780328, -2.129799e-06, -0.018067954, 0.99983674, -0.16656238, 1.4569699, -0.000262842)
bind/26/name = &"J_Sec_Hair2_02_043"
bind/26/bone = -1
bind/26/pose = Transform3D(-0.8356822, 0.5395546, -0.102543615, -0.5492128, -0.82098496, 0.15604234, 6.579736e-06, 0.18672019, 0.9824134, -0.6950945, 1.1944219, -0.28846532)
bind/27/name = &"J_Sec_Hair3_02_044"
bind/27/bone = -1
bind/27/pose = Transform3D(100, -1.0244548e-05, 7.4505806e-07, 5.5879354e-06, 99.99999, 1.4901161e-06, 1.4901161e-06, -1.4901161e-06, 99.999985, 0, 0, 0)
bind/28/name = &"J_Sec_Hair3_02_end_045"
bind/28/bone = -1
bind/28/pose = Transform3D(100.000015, -4.8428774e-06, 0, -9.872019e-06, 100.000015, -1.4901161e-06, -1.4901161e-06, 2.9802322e-06, 100, 0, 0, 0)
bind/29/name = &"J_Sec_Hair3_02_end_end_0170"
bind/29/bone = -1
bind/29/pose = Transform3D(99.99999, 4.656613e-06, 7.4505806e-07, -7.4505806e-07, 100, 1.4901161e-06, 2.2351742e-06, 0, 100, 0, 0, 0)
bind/30/name = &"J_Sec_Hair1_03_046"
bind/30/bone = -1
bind/30/pose = Transform3D(-0.9999601, 0.008902448, -0.00070003414, -0.008929926, -0.9969066, 0.07808234, -2.744602e-06, 0.07808429, 0.9969312, -0.011174764, 1.5206431, -0.20249654)
bind/31/name = &"J_Sec_Hair2_03_047"
bind/31/bone = -1
bind/31/pose = Transform3D(-0.99619067, 0.08607426, 0.013969653, -0.08720037, -0.9833202, -0.159608, -1.5045155e-06, -0.16021615, 0.98706764, -0.12768623, 1.4823118, 0.15420464)
bind/32/name = &"J_Sec_Hair3_03_048"
bind/32/bone = -1
bind/32/pose = Transform3D(100, 1.6065314e-06, 1.8626451e-07, -4.656613e-08, 99.99999, -1.4901161e-06, -9.313226e-08, 1.4901161e-06, 100, 0, 0, 0)
bind/33/name = &"J_Sec_Hair3_03_end_049"
bind/33/bone = -1
bind/33/pose = Transform3D(99.99999, 5.820766e-07, -9.313226e-08, 1.9092113e-06, 99.999985, -2.9802322e-06, 1.8626451e-07, -4.4703484e-06, 100, 0, 0, 1.4901161e-08)
bind/34/name = &"J_Sec_Hair3_03_end_end_0171"
bind/34/bone = -1
bind/34/pose = Transform3D(99.99999, -2.3283064e-07, 9.313226e-08, -1.0244548e-06, 99.99999, 1.4901161e-06, -9.313226e-08, 1.4901161e-06, 99.99999, 0, 0, 0)
bind/35/name = &"J_Sec_Hair1_04_050"
bind/35/bone = -1
bind/35/pose = Transform3D(-0.96487564, 0.26089194, 0.030767616, -0.2627004, -0.9582368, -0.11300677, 1.0765722e-07, -0.117120326, 0.99311733, -0.44853452, 1.4445201, 0.11335428)
bind/36/name = &"J_Sec_Hair2_04_051"
bind/36/bone = -1
bind/36/pose = Transform3D(-0.97304255, 0.22469929, 0.051911928, -0.23061833, -0.9480731, -0.21902566, 1.4028943e-06, -0.22509348, 0.974337, -0.3965468, 1.4080292, 0.2749398)
bind/37/name = &"J_Sec_Hair3_04_052"
bind/37/bone = -1
bind/37/pose = Transform3D(100, -6.519258e-07, 0, -2.2351742e-06, 100.000015, 1.4901161e-06, 7.4505806e-07, -2.9802322e-06, 99.99999, 0, 0, 0)
bind/38/name = &"J_Sec_Hair3_04_end_053"
bind/38/bone = -1
bind/38/pose = Transform3D(99.99999, 2.0489097e-06, 0, -9.313226e-08, 100, -1.4901161e-06, -7.4505806e-07, 1.4901161e-06, 99.99999, 0, 0, 0)
bind/39/name = &"J_Sec_Hair3_04_end_end_0172"
bind/39/bone = -1
bind/39/pose = Transform3D(100.000015, -1.2107193e-06, 3.7252903e-07, 1.3038516e-06, 100, -1.4901161e-06, -3.7252903e-07, 1.4901161e-06, 100.000015, 0, 0, 0)
bind/40/name = &"J_Sec_Hair1_05_054"
bind/40/bone = -1
bind/40/pose = Transform3D(-0.9947002, -0.10223419, -0.011446194, 0.10287238, -0.98850673, -0.110778816, 1.0744539e-05, -0.111369185, 0.99378455, 0.21742919, 1.4850999, 0.10562972)
bind/41/name = &"J_Sec_Hair2_05_055"
bind/41/bone = -1
bind/41/pose = Transform3D(-0.9956056, 0.09182989, 0.018655691, -0.09370522, -0.9756966, -0.19808057, 1.2580132e-05, -0.1989581, 0.9800133, -0.06949472, 1.4518676, 0.23516798)
bind/42/name = &"J_Sec_Hair3_05_056"
bind/42/bone = -1
bind/42/pose = Transform3D(100, -3.259629e-07, 0, -4.8894435e-07, 100.000015, -1.4901161e-06, -5.5879354e-07, 0, 100.000015, 0, 0, 0)
bind/43/name = &"J_Sec_Hair3_05_end_057"
bind/43/bone = -1
bind/43/pose = Transform3D(100, 6.053597e-07, 0, -3.0267984e-07, 99.999985, 2.9802322e-06, -5.5879354e-07, 2.9802322e-06, 99.999985, 0, 0, 0)
bind/44/name = &"J_Sec_Hair3_05_end_end_0173"
bind/44/bone = -1
bind/44/pose = Transform3D(99.99999, -1.3969839e-07, -1.8626451e-07, -3.7252903e-07, 99.99999, 0, 1.8626451e-07, -1.4901161e-06, 99.99999, 0, 0, 0)
bind/45/name = &"J_Sec_Hair1_06_058"
bind/45/bone = -1
bind/45/pose = Transform3D(-0.9703823, -0.24115181, -0.014527385, 0.24158816, -0.9686228, -0.058353644, 5.3002515e-07, -0.06013478, 0.99819046, 0.40413934, 1.4717473, 0.015033474)
bind/46/name = &"J_Sec_Hair2_06_059"
bind/46/bone = -1
bind/46/pose = Transform3D(-0.9550415, -0.2802634, -0.0967229, 0.29648316, -0.9027855, -0.31157047, 1.7402404e-06, -0.32623824, 0.9452877, 0.467787, 1.3534538, 0.4150445)
bind/47/name = &"J_Sec_Hair3_06_060"
bind/47/bone = -1
bind/47/pose = Transform3D(100.000015, -9.313226e-07, -1.4901161e-06, 6.7055225e-06, 100, -5.9604645e-06, 2.2351742e-06, 8.940697e-06, 100, 0, 0, 0)
bind/48/name = &"J_Sec_Hair3_06_end_061"
bind/48/bone = -1
bind/48/pose = Transform3D(99.99999, -1.8626451e-07, -7.4505806e-07, 1.6763806e-06, 100, -2.9802322e-06, 0, 0, 100, -2.9802322e-08, 0, 0)
bind/49/name = &"J_Sec_Hair3_06_end_end_0174"
bind/49/bone = -1
bind/49/pose = Transform3D(100.000015, -3.1664968e-06, 0, -1.3038516e-06, 100, 0, 1.4901161e-06, 5.9604645e-06, 100, 0, 0, 2.9802322e-08)
bind/50/name = &"J_Sec_Hair1_07_062"
bind/50/bone = -1
bind/50/pose = Transform3D(-0.98369783, -0.17570558, 0.038248297, 0.17982064, -0.9611929, 0.20921774, 3.2632086e-06, 0.21268477, 0.97711843, 0.1828001, 1.4168521, -0.35247946)
bind/51/name = &"J_Sec_Hair2_07_063"
bind/51/bone = -1
bind/51/pose = Transform3D(-0.844832, -0.43110302, 0.31686762, 0.53502893, -0.68073034, 0.5003498, -9.246882e-07, 0.59224474, 0.80575514, 0.5454104, 0.9895236, -0.8889409)
bind/52/name = &"J_Sec_Hair3_07_064"
bind/52/bone = -1
bind/52/pose = Transform3D(100.000015, 7.4505806e-06, 2.9802322e-06, 1.4901161e-06, 100, -2.9802322e-06, 0, 0, 100.000015, 0, 5.9604645e-08, 0)
bind/53/name = &"J_Sec_Hair3_07_end_065"
bind/53/bone = -1
bind/53/pose = Transform3D(100, -2.9802322e-06, -2.9802322e-06, 0, 100.000015, -5.9604645e-06, 0, 2.9802322e-06, 100, -5.9604645e-08, 0, 0)
bind/54/name = &"J_Sec_Hair3_07_end_end_0175"
bind/54/bone = -1
bind/54/pose = Transform3D(100, 0, 2.9802322e-06, 4.4703484e-06, 100, 2.9802322e-06, 0, 2.9802322e-06, 100, 0, 5.9604645e-08, 5.9604645e-08)
bind/55/name = &"J_Sec_Hair1_08_066"
bind/55/bone = -1
bind/55/pose = Transform3D(-0.99744797, 0.065100655, -0.02931692, -0.0713973, -0.90948266, 0.40956467, -3.0127222e-07, 0.4106121, 0.9118086, -0.1733465, 1.2638974, -0.58661336)
bind/56/name = &"J_Sec_Hair2_08_067"
bind/56/bone = -1
bind/56/pose = Transform3D(-0.9981406, -0.050333012, 0.03437143, 0.060949218, -0.8242839, 0.5628858, 7.735371e-08, 0.5639335, 0.8258181, -0.02283766, 1.0757253, -0.7865409)
bind/57/name = &"J_Sec_Hair3_08_068"
bind/57/bone = -1
bind/57/pose = Transform3D(-0.9981408, -0.050332982, 0.03437129, 0.060949113, -0.82428163, 0.56288916, -2.633869e-07, 0.56393695, 0.8258158, -0.022837695, 0.99548227, -0.78654516)
bind/58/name = &"J_Sec_Hair4_08_069"
bind/58/bone = -1
bind/58/pose = Transform3D(100, 0, 3.7252903e-07, 3.7252903e-07, 100.000015, -1.1920929e-05, 5.5879354e-07, 8.940697e-06, 100, -1.4901161e-08, 0, 1.1920929e-07)
bind/59/name = &"J_Sec_Hair4_08_end_070"
bind/59/bone = -1
bind/59/pose = Transform3D(100, 0, 1.8626451e-07, -5.5879354e-07, 100, 0, -3.7252903e-07, -5.9604645e-06, 100, -1.4901161e-08, -5.9604645e-08, 5.9604645e-08)
bind/60/name = &"J_Sec_Hair4_08_end_end_0176"
bind/60/bone = -1
bind/60/pose = Transform3D(100, -1.8626451e-07, -1.8626451e-07, -1.8626451e-07, 100, 0, 1.8626451e-07, 2.9802322e-06, 99.999985, -1.4901161e-08, -5.9604645e-08, 5.9604645e-08)
bind/61/name = &"J_Sec_Hair1_09_071"
bind/61/bone = -1
bind/61/pose = Transform3D(-0.9974479, -0.06510217, 0.02931628, 0.07139847, -0.9094831, 0.4095652, -9.193875e-07, 0.4106137, 0.9118114, 0.17334865, 1.263898, -0.58661544)
bind/62/name = &"J_Sec_Hair2_09_072"
bind/62/bone = -1
bind/62/pose = Transform3D(-0.9981408, 0.050332434, -0.0343714, -0.06094873, -0.8242845, 0.5628862, -3.8624196e-07, 0.5639356, 0.82582116, 0.022838492, 1.0757262, -0.7865437)
bind/63/name = &"J_Sec_Hair3_09_073"
bind/63/bone = -1
bind/63/pose = Transform3D(-0.998141, 0.050331555, -0.03437179, -0.06094824, -0.82428336, 0.5628881, -1.0587321e-06, 0.5639375, 0.82581997, 0.022839643, 0.9954846, -0.78654593)
bind/64/name = &"J_Sec_Hair4_09_074"
bind/64/bone = -1
bind/64/pose = Transform3D(100, -1.8626451e-07, 0, -3.7252903e-07, 100, 0, 0, 0, 100, 0, 0, 0)
bind/65/name = &"J_Sec_Hair4_09_end_075"
bind/65/bone = -1
bind/65/pose = Transform3D(100, -3.7252903e-07, 1.8626451e-07, 1.8626451e-07, 100, -5.9604645e-06, -5.5879354e-07, 2.9802322e-06, 100, 0, 0, 0)
bind/66/name = &"J_Sec_Hair4_09_end_end_0177"
bind/66/bone = -1
bind/66/pose = Transform3D(100, 3.7252903e-07, -1.8626451e-07, 1.8626451e-07, 100, 2.9802322e-06, 0, 2.9802322e-06, 100, 0, -5.9604645e-08, 0)
bind/67/name = &"J_Sec_Hair1_10_076"
bind/67/bone = -1
bind/67/pose = Transform3D(-0.9926167, -0.11294378, 0.044224516, 0.12129347, -0.9242858, 0.36191708, -1.865696e-07, 0.36460942, 0.9311617, 0.07261202, 1.357265, -0.5396498)
bind/68/name = &"J_Sec_Hair2_10_077"
bind/68/bone = -1
bind/68/pose = Transform3D(-0.9816443, 0.14512675, -0.12374568, -0.19072169, -0.74696714, 0.636919, 7.823601e-09, 0.64882934, 0.76093554, -0.27922148, 0.9997724, -0.9286631)
bind/69/name = &"J_Sec_Hair3_10_078"
bind/69/bone = -1
bind/69/pose = Transform3D(-0.948686, -0.31571656, -0.01782091, 0.3162193, -0.9471788, -0.053462256, -6.290676e-07, -0.056354173, 0.99841154, 0.32965755, 1.2983791, -0.008180525)
bind/70/name = &"J_Sec_Hair4_10_080"
bind/70/bone = -1
bind/70/pose = Transform3D(99.999985, 2.7008355e-06, 0, 3.8417056e-07, 100, 0, -1.8626451e-07, 3.7252903e-07, 100, 0, 0, 0)
bind/71/name = &"J_Sec_Hair4_10_end_081"
bind/71/bone = -1
bind/71/pose = Transform3D(100, 2.9802322e-06, -1.8626451e-07, -2.3283064e-06, 100.000015, 0, 1.8626451e-07, 3.7252903e-07, 100, 0, 0, 0)
bind/72/name = &"J_Sec_Hair4_10_end_end_0178"
bind/72/bone = -1
bind/72/pose = Transform3D(100, -1.7462298e-08, 0, 6.4610504e-07, 99.99999, -3.7252903e-07, 1.8626451e-07, 3.7252903e-07, 99.99999, 0, 0, 0)
bind/73/name = &"J_Sec_Hair1_11_082"
bind/73/bone = -1
bind/73/pose = Transform3D(-0.9933974, 0.10620768, -0.04337488, -0.114723384, -0.91965455, 0.37559858, 1.549077e-06, 0.37809482, 0.925767, -0.06274422, 1.3498956, -0.5569839)
bind/74/name = &"J_Sec_Hair2_11_083"
bind/74/bone = -1
bind/74/pose = Transform3D(-0.983121, -0.13727592, 0.120948054, 0.18295658, -0.7376617, 0.6499093, 1.8528434e-06, 0.66106766, 0.75032616, 0.26909527, 0.9874124, -0.94417524)
bind/75/name = &"J_Sec_Hair3_11_084"
bind/75/bone = -1
bind/75/pose = Transform3D(-0.9493806, 0.31365994, 0.017138075, -0.31412786, -0.9479663, -0.051802844, -2.1751468e-06, -0.054564133, 0.9985102, -0.32694075, 1.299279, -0.010459127)
bind/76/name = &"J_Sec_Hair4_11_085"
bind/76/bone = -1
bind/76/pose = Transform3D(99.999985, -4.656613e-08, -1.8626451e-07, -6.2107574e-06, 99.99999, -3.7252903e-07, 0, 3.7252903e-07, 100, 0, 0, 7.450581e-09)
bind/77/name = &"J_Sec_Hair4_11_end_086"
bind/77/bone = -1
bind/77/pose = Transform3D(100, 9.546056e-07, 1.8626451e-07, 3.7660357e-06, 99.99999, 0, 0, -3.7252903e-07, 99.99999, 0, 0, 7.450581e-09)
bind/78/name = &"J_Sec_Hair4_11_end_end_0179"
bind/78/bone = -1
bind/78/pose = Transform3D(99.99999, 9.662472e-07, 1.8626451e-07, 7.7998266e-07, 100, -3.7252903e-07, -1.8626451e-07, 3.7252903e-07, 100, 0, 0, 1.4901161e-08)
bind/79/name = &"J_Sec_Hair1_12_087"
bind/79/bone = -1
bind/79/pose = Transform3D(-0.9653832, -0.24912095, -0.07729694, 0.26083717, -0.9220183, -0.28608817, 1.3735546e-06, -0.29634666, 0.955081, 0.46379325, 1.3074485, 0.48159966)
bind/80/name = &"J_Sec_Hair2_12_088"
bind/80/bone = -1
bind/80/pose = Transform3D(-0.86795443, -0.41585997, -0.2715075, 0.49664444, -0.7267724, -0.47449583, -3.4992277e-07, -0.54668355, 0.83733994, 0.67303723, 0.92847747, 0.82556987)
bind/81/name = &"J_Sec_Hair3_12_089"
bind/81/bone = -1
bind/81/pose = Transform3D(-0.9543333, -0.2861531, -0.08581741, 0.29874435, -0.9141076, -0.2741507, 2.7627427e-06, -0.28726885, 0.9578504, 0.52809554, 1.1705242, 0.484484)
bind/82/name = &"J_Sec_Hair4_12_090"
bind/82/bone = -1
bind/82/pose = Transform3D(-0.7756668, 0.47683582, -0.4134854, -0.63114345, -0.58601475, 0.5081779, 8.909085e-06, 0.6551449, 0.7555036, -0.53632456, 0.93183947, -0.7691494)
bind/83/name = &"J_Sec_Hair5_12_091"
bind/83/bone = -1
bind/83/pose = Transform3D(99.999985, 1.4901161e-06, -5.9604645e-06, 4.4703484e-06, 100, 0, 2.9802322e-06, -2.9802322e-06, 99.999985, 0, 0, 0)
bind/84/name = &"J_Sec_Hair5_12_end_092"
bind/84/bone = -1
bind/84/pose = Transform3D(100, -5.9604645e-06, 0, -7.4505806e-06, 100.000015, 0, 0, 0, 100.000015, 0, 0, 5.9604645e-08)
bind/85/name = &"J_Sec_Hair5_12_end_end_0160"
bind/85/bone = -1
bind/85/pose = Transform3D(100.000015, 4.4703484e-06, 5.9604645e-06, 2.9802322e-06, 99.99999, 0, -5.9604645e-06, 5.9604645e-06, 99.999985, 0, 0, 0)
bind/86/name = &"J_Sec_Hair1_13_093"
bind/86/bone = -1
bind/86/pose = Transform3D(-0.9996163, 0.027684756, -0.00023332871, -0.027685743, -0.9995812, 0.00839615, -7.85614e-07, 0.008399391, 0.9999645, 0.011597703, 1.4873589, 0.10659519)
bind/87/name = &"J_Sec_Hair2_13_094"
bind/87/bone = -1
bind/87/pose = Transform3D(-0.99849564, -0.04912976, -0.024321495, 0.054820333, -0.8948493, -0.44298863, -1.4509571e-07, -0.44365576, 0.8961968, 0.1168379, 1.2046504, 0.73076916)
bind/88/name = &"J_Sec_Hair3_13_095"
bind/88/bone = -1
bind/88/pose = Transform3D(-0.986442, -0.15813535, -0.043868273, 0.16410737, -0.9505456, -0.2636885, -3.266705e-07, -0.26731256, 0.9636096, 0.25909778, 1.223046, 0.505027)
bind/89/name = &"J_Sec_Hair4_13_096"
bind/89/bone = -1
bind/89/pose = Transform3D(-0.9308721, 0.2851043, -0.22845477, -0.3653439, -0.7264301, 0.5820848, -1.5314545e-06, 0.6253114, 0.7803751, -0.33742577, 1.0445616, -0.6561035)
bind/90/name = &"J_Sec_Hair5_13_097"
bind/90/bone = -1
bind/90/pose = Transform3D(100, -2.9802322e-06, 0, -5.9604645e-06, 100.000015, 2.9802322e-06, 7.4505806e-06, -2.9802322e-06, 100.00002, 0, 0, 0)
bind/91/name = &"J_Sec_Hair5_13_end_098"
bind/91/bone = -1
bind/91/pose = Transform3D(99.99999, 0, 1.4901161e-06, -4.4703484e-06, 99.999985, 0, -7.4505806e-06, 2.9802322e-06, 99.999985, 0, 0, 0)
bind/92/name = &"J_Sec_Hair5_13_end_end_0180"
bind/92/bone = -1
bind/92/pose = Transform3D(100, 2.9802322e-06, 0, 2.9802322e-06, 100, -2.9802322e-06, 4.4703484e-06, 8.940697e-06, 100, 0, -5.9604645e-08, 0)
bind/93/name = &"J_Sec_Hair1_14_099"
bind/93/bone = -1
bind/93/pose = Transform3D(-0.99881953, -0.0485309, -0.0010803737, 0.04854301, -0.99857426, -0.022210846, -9.208529e-07, -0.022237105, 0.9997527, 0.033713624, 1.4719836, 0.16047567)
bind/94/name = &"J_Sec_Hair2_14_079"
bind/94/bone = -1
bind/94/pose = Transform3D(-0.9979753, 0.061712656, 0.015295853, -0.06358006, -0.968665, -0.24009427, -2.9463197e-07, -0.24058102, 0.97062886, -0.11868901, 1.3247354, 0.46280357)
bind/95/name = &"J_Sec_Hair3_14_0101"
bind/95/bone = -1
bind/95/pose = Transform3D(-0.98495305, 0.17254105, -0.009692902, -0.17281334, -0.9834042, 0.05524025, -8.2300767e-07, 0.056084212, 0.998426, -0.26931804, 1.3098588, 0.07216457)
bind/96/name = &"J_Sec_Hair4_14_0102"
bind/96/bone = -1
bind/96/pose = Transform3D(-0.9402203, -0.33390856, -0.06699068, 0.34056273, -0.9218516, -0.18494925, 6.8850636e-07, -0.19670792, 0.98046196, 0.36291116, 1.1525543, 0.38811517)
bind/97/name = &"J_Sec_Hair5_14_0103"
bind/97/bone = -1
bind/97/pose = Transform3D(100, 2.514571e-06, -7.4505806e-07, -3.8184226e-06, 100.000015, -1.4901161e-06, 7.4505806e-07, -1.4901161e-06, 100, 0, 0, 0)
bind/98/name = &"J_Sec_Hair5_14_end_0104"
bind/98/bone = -1
bind/98/pose = Transform3D(100, -9.313226e-08, -7.4505806e-07, 2.6077032e-06, 100.000015, 1.4901161e-06, 0, 0, 100, -2.9802322e-08, 0, 0)
bind/99/name = &"J_Sec_Hair5_14_end_end_0181"
bind/99/bone = -1
bind/99/pose = Transform3D(100, 2.7008355e-06, 7.4505806e-07, 2.514571e-06, 99.99999, 0, 0, -1.4901161e-06, 100, -2.9802322e-08, 0, 0)
bind/100/name = &"J_Sec_Hair1_15_0105"
bind/100/bone = -1
bind/100/pose = Transform3D(-0.9728119, 0.22613516, 0.04997322, -0.23159134, -0.94989675, -0.20990776, 1.874747e-06, -0.21577422, 0.97644216, -0.4331307, 1.368338, 0.36611265)
bind/101/name = &"J_Sec_Hair2_15_0106"
bind/101/bone = -1
bind/101/pose = Transform3D(-0.8816626, 0.39636108, 0.25605872, -0.4718779, -0.74056935, -0.4784221, 1.4145663e-06, -0.54263556, 0.8399671, -0.64995456, 0.9604253, 0.81964177)
bind/102/name = &"J_Sec_Hair3_15_0107"
bind/102/bone = -1
bind/102/pose = Transform3D(-0.95031875, 0.28822863, 0.11754271, -0.31127518, -0.8799631, -0.35884857, 2.780549e-06, -0.37760878, 0.925964, -0.5258722, 1.1196892, 0.6025944)
bind/103/name = &"J_Sec_Hair4_15_0108"
bind/103/bone = -1
bind/103/pose = Transform3D(-0.755543, -0.5407088, 0.36984473, 0.65509725, -0.62361985, 0.42655066, 2.8936902e-06, 0.56456256, 0.82538956, 0.6216174, 0.9779871, -0.6419634)
bind/104/name = &"J_Sec_Hair5_15_0109"
bind/104/bone = -1
bind/104/pose = Transform3D(99.99999, -7.4505806e-06, 0, 2.9802322e-06, 99.999985, 0, 0, 0, 100, -1.1920929e-07, -1.1920929e-07, 1.1920929e-07)
bind/105/name = &"J_Sec_Hair5_15_end_0110"
bind/105/bone = -1
bind/105/pose = Transform3D(100, 4.4703484e-06, -2.9802322e-06, 5.9604645e-06, 100, -2.9802322e-06, -2.9802322e-06, 0, 100, -1.1920929e-07, -1.7881393e-07, 1.1920929e-07)
bind/106/name = &"J_Sec_Hair5_15_end_end_0182"
bind/106/bone = -1
bind/106/pose = Transform3D(100, 2.9802322e-06, 5.9604645e-06, -8.940697e-06, 100.000015, 2.9802322e-06, 0, -2.9802322e-06, 100, -1.1920929e-07, -1.1920929e-07, 1.1920929e-07)
bind/107/name = &"J_Opt_L_CatEar1_01_0111"
bind/107/bone = -1
bind/107/pose = Transform3D(-0.8189405, 0.57386243, -0.004362186, -0.5501195, -0.7871769, -0.278785, -0.16341798, -0.22590853, 0.96034354, -0.82888556, 1.2677833, 0.38937613)
bind/108/name = &"J_Opt_L_CatEar2_01_0112"
bind/108/bone = -1
bind/108/pose = Transform3D(0.8189464, -0.57385415, 0.004327048, 0.5501196, 0.7871771, 0.27878508, -0.16338807, -0.2259295, 0.9603437, 0.8288711, -1.2677835, 0.3894065)
bind/109/name = &"J_Opt_L_CatEar2_end_01_0113"
bind/109/bone = -1
bind/109/pose = Transform3D(100.000015, 6.449409e-06, -1.1175871e-06, -4.63333e-06, 100.000015, -2.9802322e-06, 1.7229468e-06, 0, 100.000015, 0, 0, 0)
bind/110/name = &"J_Opt_L_CatEar2_end_01_end_0114"
bind/110/bone = -1
bind/110/pose = Transform3D(100, -9.976793e-06, 2.4214387e-06, 3.0733645e-06, 100, 8.940697e-06, 1.3969839e-07, 2.9802322e-06, 100, 0, 0, 0)
bind/111/name = &"J_Opt_L_CatEar2_end_01_end_end_0183"
bind/111/bone = -1
bind/111/pose = Transform3D(99.99999, -1.0360964e-06, 9.313226e-07, 3.0267984e-06, 99.99999, -2.9802322e-06, 1.3969839e-07, -2.9802322e-06, 100, 0, 0, -2.9802322e-08)
bind/112/name = &"J_Opt_R_CatEar1_01_0115"
bind/112/bone = -1
bind/112/pose = Transform3D(0.81895614, 0.57384026, -0.004269777, -0.55011916, 0.7871769, 0.2787854, 0.16333936, -0.22596414, 0.9603439, -0.8288473, -1.2677832, 0.38945645)
bind/113/name = &"J_Opt_R_CatEar2_01_0116"
bind/113/bone = -1
bind/113/pose = Transform3D(0.81891435, 0.5739, -0.0043168548, -0.5501887, 0.7871761, 0.27865008, 0.16331537, -0.22581545, 0.9603832, -0.8289452, -1.267791, 0.3892233)
bind/114/name = &"J_Opt_R_CatEar2_end_01_0117"
bind/114/bone = -1
bind/114/pose = Transform3D(100, -1.466833e-06, -2.8405339e-06, -3.911555e-06, 100, -2.9802322e-06, 3.1199306e-06, 0, 100, 0, 0, 0)
bind/115/name = &"J_Opt_R_CatEar2_end_01_end_0118"
bind/115/bone = -1
bind/115/pose = Transform3D(100, -3.7252903e-06, 1.7229468e-06, -1.2223609e-06, 99.999985, 0, 1.2572855e-06, -2.9802322e-06, 99.99999, 0, 0, 0)
bind/116/name = &"J_Opt_R_CatEar2_end_01_end_end_0184"
bind/116/bone = -1
bind/116/pose = Transform3D(100, 2.2118911e-06, 1.8626451e-07, -4.2142347e-06, 100, 2.9802322e-06, -2.3283064e-07, 0, 99.99999, 0, 0, -2.9802322e-08)
bind/117/name = &"J_Bip_C_Head Collider.002_01"
bind/117/bone = -1
bind/117/pose = Transform3D(100, 4.440892e-13, -2.842171e-12, 4.440892e-14, 100, -9.313226e-08, -2.842171e-12, 9.313226e-08, 100, 0, 0, 0)
bind/118/name = &"J_Bip_C_Neck Collider.002_02"
bind/118/bone = -1
bind/118/pose = Transform3D(100, -8.881784e-14, -1.4210855e-12, 8.881784e-14, 100.000015, -7.4505806e-07, 0, 7.4505806e-07, 100.000015, 0, 0, 0)
bind/119/name = &"LeftShoulder"
bind/119/bone = -1
bind/119/pose = Transform3D(-3.69957e-08, -4.693976e-08, 0.9999997, 0.9999999, -5.960462e-08, 3.890966e-08, 8.9406996e-08, 0.9999998, 6.94876e-08, 0.025472337, -0.022395324, -1.2951458)
bind/120/name = &"LeftUpperArm"
bind/120/bone = -1
bind/120/pose = Transform3D(2.9505184e-08, -4.1986823e-09, -0.99999994, 0.9999998, -4.4703437e-08, 3.141907e-08, -7.4505586e-08, -0.9999997, -1.8349851e-08, -0.02547228, -0.103474624, 1.2836086)
bind/121/name = &"LeftLowerArm"
bind/121/bone = -1
bind/121/pose = Transform3D(-7.4505465e-08, -0.9999997, -1.8349738e-08, 0.99999994, -4.4703448e-08, 3.1419106e-08, -2.9505195e-08, 4.1986823e-09, 0.99999994, 1.2836086, -0.32332745, 0.025472276)
bind/122/name = &"LeftHand"
bind/122/bone = -1
bind/122/pose = Transform3D(2.9505188e-08, -4.1986823e-09, -0.99999994, 0.99999994, -4.470345e-08, 3.141912e-08, -7.450546e-08, -0.9999997, -1.8349738e-08, -0.025459446, -0.5380127, 1.2836108)
bind/123/name = &"LeftIndexProximal"
bind/123/bone = -1
bind/123/pose = Transform3D(2.9802322e-08, -4.19886e-09, -0.9999999, 0.99999994, -4.4703448e-08, 4.284084e-08, -7.450546e-08, -0.9999997, -1.8349446e-08, -0.005802675, -0.6034955, 1.2909911)
bind/124/name = &"LeftIndexIntermediate"
bind/124/bone = -1
bind/124/pose = Transform3D(4.4703484e-08, -4.5401976e-09, -0.9999997, 1.0000001, -4.157664e-08, 4.0978193e-08, -7.84712e-08, -0.99999976, -1.8102583e-08, -0.0064489134, -0.636758, 1.2909911)
bind/125/name = &"LeftIndexDistal"
bind/125/bone = -1
bind/125/pose = Transform3D(4.4703484e-08, -4.5110937e-09, -0.99999976, 1.0000001, -4.5833985e-08, 2.9802322e-08, -7.781546e-08, -0.9999997, -1.8422725e-08, -0.0072379224, -0.65721714, 1.2903997)
bind/126/name = &"J_Bip_L_Index3_end_0185"
bind/126/bone = -1
bind/126/pose = Transform3D(100, 2.7812348e-07, 1.7462298e-08, -3.9053702e-07, 100.000015, 0, 1.1641532e-08, 0, 100, 0, 0, 0)
bind/127/name = &"LeftLittleProximal"
bind/127/bone = -1
bind/127/pose = Transform3D(2.9505287e-08, -4.1986894e-09, -0.99999994, 0.99999994, -4.470345e-08, 3.141892e-08, -7.4505465e-08, -0.9999997, -1.834957e-08, -0.054635108, -0.5991131, 1.2909911)
bind/128/name = &"LeftLittleIntermediate"
bind/128/bone = -1
bind/128/pose = Transform3D(2.9505145e-08, -4.1986823e-09, -0.99999994, 0.99999994, -4.4703448e-08, 3.1418608e-08, -7.4505465e-08, -0.9999997, -1.8349738e-08, -0.054635085, -0.63055587, 1.2909911)
bind/129/name = &"LeftLittleDistal"
bind/129/bone = -1
bind/129/pose = Transform3D(2.7939677e-08, -4.2200554e-09, -0.9999998, 0.9999999, -4.4907438e-08, 2.0489097e-08, -6.9323505e-08, -0.99999964, -1.8189894e-08, -0.054635074, -0.64867777, 1.2909911)
bind/130/name = &"J_Bip_L_Little3_end_0186"
bind/130/bone = -1
bind/130/pose = Transform3D(100, 3.446985e-08, 0, 8.4355634e-08, 100.000015, 1.8626451e-07, -1.4551915e-09, 0, 100.000015, 0, 0, 0)
bind/131/name = &"LeftMiddleProximal"
bind/131/bone = -1
bind/131/pose = Transform3D(2.9505088e-08, -4.1986823e-09, -0.99999994, 0.99999994, -4.4703448e-08, 3.141929e-08, -7.4505465e-08, -0.9999997, -1.834968e-08, -0.023412455, -0.60438746, 1.2909911)
bind/132/name = &"LeftMiddleIntermediate"
bind/132/bone = -1
bind/132/pose = Transform3D(2.950514e-08, -4.1986823e-09, -0.99999994, 0.99999994, -4.4703448e-08, 3.1419024e-08, -7.4505465e-08, -0.9999997, -1.834968e-08, -0.02341248, -0.6414444, 1.2909911)
bind/133/name = &"LeftMiddleDistal"
bind/133/bone = -1
bind/133/pose = Transform3D(2.950514e-08, -4.1986823e-09, -0.99999994, 0.99999994, -4.470345e-08, 3.1419024e-08, -7.4505465e-08, -0.9999997, -1.834968e-08, -0.023412481, -0.66430575, 1.2909911)
bind/134/name = &"J_Bip_L_Middle3_end_0187"
bind/134/bone = -1
bind/134/pose = Transform3D(99.99999, 5.019546e-13, 0, 4.670892e-13, 100, 3.5527137e-13, 0, 1.7763568e-13, 99.99999, 0, 0, 0)
bind/135/name = &"LeftRingProximal"
bind/135/bone = -1
bind/135/pose = Transform3D(2.9505202e-08, -4.1986894e-09, -0.99999994, 0.99999994, -4.470345e-08, 3.1419134e-08, -7.4505465e-08, -0.9999997, -1.8349592e-08, -0.039047513, -0.60363126, 1.2909911)
bind/136/name = &"LeftRingIntermediate"
bind/136/bone = -1
bind/136/pose = Transform3D(2.9504974e-08, -4.1986254e-09, -0.99999994, 0.99999994, -4.4703455e-08, 3.1419404e-08, -7.4505465e-08, -0.9999997, -1.8349738e-08, -0.03904752, -0.6380064, 1.2909911)
bind/137/name = &"LeftRingDistal"
bind/137/bone = -1
bind/137/pose = Transform3D(2.9802322e-08, -4.1909516e-09, -0.9999998, 0.9999998, -4.2003194e-08, 4.656613e-08, -8.139591e-08, -0.9999997, -1.8146238e-08, -0.03904754, -0.65784425, 1.2909911)
bind/138/name = &"J_Bip_L_Ring3_end_0188"
bind/138/bone = -1
bind/138/pose = Transform3D(100, -1.9122126e-08, 1.4551915e-09, 3.2446223e-08, 100, 0, 2.910383e-09, -1.8626451e-07, 100, 0, 0, 0)
bind/139/name = &"LeftThumbMetacarpal"
bind/139/bone = -1
bind/139/pose = Transform3D(1.0430813e-07, 1.0000001, -1.3411045e-07, 0.81699276, 2.9802322e-08, 0.5777019, 0.5777018, -3.054738e-07, -0.8169923, -1.273603, -0.43694574, -0.32060462)
bind/140/name = &"LeftThumbProximal"
bind/140/bone = -1
bind/140/pose = Transform3D(1.15484e-07, 0.9999999, -1.4156103e-07, 0.8169925, 4.284084e-08, 0.5777018, 0.57770205, -2.5331974e-07, -0.8169924, -1.2715403, -0.4833285, -0.31631622)
bind/141/name = &"LeftThumbDistal"
bind/141/bone = -1
bind/141/pose = Transform3D(1.0803342e-07, 1, -1.7881393e-07, 0.8169924, 6.7055225e-08, 0.5777016, 0.5777019, -2.682209e-07, -0.81699246, -1.2705702, -0.51195925, -0.31493133)
bind/142/name = &"J_Bip_L_Thumb3_end_0189"
bind/142/bone = -1
bind/142/pose = Transform3D(100.000015, 0, 1.4901161e-06, 5.9604645e-06, 100, -7.4505806e-07, 0, -7.4505806e-07, 99.99999, -5.9604645e-08, 2.9802322e-08, 0)
bind/143/name = &"J_Bip_L_Hand Collider.002_07"
bind/143/bone = -1
bind/143/pose = Transform3D(99.99999, 2.9801804e-13, 0, 5.0353395e-13, 100, 1.4210855e-12, 0, 0, 99.99999, 0, 0, 0)
bind/144/name = &"J_Bip_L_LowerArm Collider.004_08"
bind/144/bone = -1
bind/144/pose = Transform3D(99.99999, 3.448871e-13, 0, 4.4696538e-13, 100, -7.1054274e-13, 0, 7.1054274e-13, 99.99999, 0, 0, 0)
bind/145/name = &"J_Bip_L_LowerArm Collider.005_09"
bind/145/bone = -1
bind/145/pose = Transform3D(99.99999, 3.448871e-13, 0, 4.4696538e-13, 100, -7.1054274e-13, 0, 7.1054274e-13, 99.99999, 0, 0, 0)
bind/146/name = &"J_Bip_L_LowerArm Collider.006_010"
bind/146/bone = -1
bind/146/pose = Transform3D(99.99999, 3.448871e-13, 0, 4.4696538e-13, 100, -7.1054274e-13, 0, 7.1054274e-13, 99.99999, 0, 0, 0)
bind/147/name = &"J_Bip_L_LowerArm Collider.007_011"
bind/147/bone = -1
bind/147/pose = Transform3D(99.99999, 3.448871e-13, 0, 4.4696538e-13, 100, -7.1054274e-13, 0, 7.1054274e-13, 99.99999, 0, 0, 0)
bind/148/name = &"J_Bip_L_UpperArm Collider.003_012"
bind/148/bone = -1
bind/148/pose = Transform3D(99.99999, -4.277176e-12, 1.1368684e-11, -4.5113336e-12, 100, 0, 0, -8.881784e-14, 99.99999, 0, 0, 0)
bind/149/name = &"J_Bip_L_UpperArm Collider.004_013"
bind/149/bone = -1
bind/149/pose = Transform3D(99.99999, -4.277176e-12, 1.1368684e-11, -4.5113336e-12, 100, 0, 0, -8.881784e-14, 99.99999, 0, 0, 0)
bind/150/name = &"J_Bip_L_UpperArm Collider.005_014"
bind/150/bone = -1
bind/150/pose = Transform3D(99.99999, -4.277176e-12, 1.1368684e-11, -4.5113336e-12, 100, 0, 0, -8.881784e-14, 99.99999, 0, 0, 0)
bind/151/name = &"RightShoulder"
bind/151/bone = -1
bind/151/pose = Transform3D(5.9596346e-09, 3.895159e-08, -0.9999997, -0.9999998, 1.4901161e-08, -1.030169e-08, -1.4901161e-08, 0.9999996, -1.6904913e-09, -0.025472332, -0.022395398, -1.2951455)
bind/152/name = &"RightUpperArm"
bind/152/bone = -1
bind/152/pose = Transform3D(-6.8659105e-09, -3.1079253e-08, 0.99999994, -0.99999994, 1.4901277e-08, -1.12080265e-08, -5.554321e-13, -0.9999996, 9.5622e-09, 0.025472326, -0.103474684, 1.2836083)
bind/153/name = &"RightLowerArm"
bind/153/bone = -1
bind/153/pose = Transform3D(3.3573144e-13, 0.9999996, -9.5622e-09, -0.99999994, 1.4901207e-08, -1.1208048e-08, -6.8659256e-09, -3.1079196e-08, 0.99999994, -1.2836082, -0.3233275, 0.025472315)
bind/154/name = &"RightHand"
bind/154/bone = -1
bind/154/pose = Transform3D(-6.8659265e-09, -3.107931e-08, 0.99999994, -0.99999994, 1.4901268e-08, -1.120805e-08, -3.996803e-13, -0.9999996, 9.562086e-09, 0.025459478, -0.53801274, 1.2836106)
bind/155/name = &"RightIndexProximal"
bind/155/bone = -1
bind/155/pose = Transform3D(-9.313226e-09, -3.1079203e-08, 1.0000001, -0.99999994, 1.4901273e-08, -9.313226e-09, -4.0056847e-13, -0.9999996, 9.562271e-09, 0.0058027003, -0.6034955, 1.2909907)
bind/156/name = &"RightIndexIntermediate"
bind/156/bone = -1
bind/156/pose = Transform3D(-3.7252903e-09, -3.0908268e-08, 0.9999999, -1, 2.0667358e-08, -1.8626451e-08, -1.5097612e-08, -0.9999995, 9.138603e-09, 0.0064489376, -0.636758, 1.2909908)
bind/157/name = &"RightIndexDistal"
bind/157/bone = -1
bind/157/pose = Transform3D(-3.7252903e-09, -3.085006e-08, 0.99999994, -1.0000001, 1.3099452e-08, -3.3527613e-08, -9.572432e-09, -0.9999996, 9.080395e-09, 0.00723794, -0.6572172, 1.2903996)
bind/158/name = &"J_Bip_R_Index3_end_00"
bind/158/bone = -1
bind/158/pose = Transform3D(99.99999, 2.6630005e-07, 1.1641532e-08, -3.446985e-07, 100, 3.7252903e-07, 1.1641532e-08, -3.7252903e-07, 100, 0, 0, 0)
bind/159/name = &"RightLittleProximal"
bind/159/bone = -1
bind/159/pose = Transform3D(-6.865889e-09, -3.1079303e-08, 0.99999994, -0.99999994, 1.4901271e-08, -1.1208044e-08, -4.022319e-13, -0.9999996, 9.562129e-09, 0.05463513, -0.5991132, 1.2909907)
bind/160/name = &"RightLittleIntermediate"
bind/160/bone = -1
bind/160/pose = Transform3D(-6.865889e-09, -3.1079367e-08, 0.99999994, -0.99999994, 1.4901271e-08, -1.1208044e-08, -4.0160803e-13, -0.9999996, 9.562086e-09, 0.054635122, -0.63055605, 1.2909907)
bind/161/name = &"RightLittleDistal"
bind/161/bone = -1
bind/161/pose = Transform3D(-3.7252903e-09, -3.1097443e-08, 1.0000001, -0.9999999, 1.4396392e-08, -1.4901161e-08, 4.33306e-09, -0.9999994, 9.546056e-09, 0.05463511, -0.6486778, 1.2909906)
bind/162/name = &"J_Bip_R_Little3_end_0190"
bind/162/bone = -1
bind/162/pose = Transform3D(99.99999, -1.078206e-07, -1.4551915e-09, -9.265477e-08, 100, -1.8626451e-07, -2.910383e-09, 1.8626451e-07, 100, 0, 0, 0)
bind/163/name = &"RightMiddleProximal"
bind/163/bone = -1
bind/163/pose = Transform3D(-6.866003e-09, -3.107931e-08, 0.99999994, -0.99999994, 1.490127e-08, -1.1208101e-08, -3.9902787e-13, -0.9999996, 9.562029e-09, 0.023412485, -0.6043875, 1.2909907)
bind/164/name = &"RightMiddleIntermediate"
bind/164/bone = -1
bind/164/pose = Transform3D(-6.8660047e-09, -3.1079367e-08, 0.99999994, -0.99999994, 1.4901264e-08, -1.1208096e-08, -3.9257486e-13, -0.9999996, 9.562029e-09, 0.023412505, -0.6414445, 1.2909907)
bind/165/name = &"RightMiddleDistal"
bind/165/bone = -1
bind/165/pose = Transform3D(-6.865948e-09, -3.1079423e-08, 0.99999994, -0.99999994, 1.4901268e-08, -1.1208039e-08, -3.9612758e-13, -0.9999996, 9.5619725e-09, 0.023412505, -0.6643059, 1.2909907)
bind/166/name = &"J_Bip_R_Middle3_end_0191"
bind/166/bone = -1
bind/166/pose = Transform3D(100, 1.6964969e-14, 5.684342e-12, -2.4253443e-13, 100, 0, 0, 0, 100, 0, 0, 0)
bind/167/name = &"RightRingProximal"
bind/167/bone = -1
bind/167/pose = Transform3D(-6.8659247e-09, -3.1079303e-08, 0.99999994, -0.99999994, 1.4901271e-08, -1.1208051e-08, -4.0021865e-13, -0.9999996, 9.562143e-09, 0.039047543, -0.6036313, 1.2909907)
bind/168/name = &"RightRingIntermediate"
bind/168/bone = -1
bind/168/pose = Transform3D(-6.866003e-09, -3.107931e-08, 0.99999994, -0.99999994, 1.4901268e-08, -1.1208101e-08, -3.9889267e-13, -0.9999996, 9.562086e-09, 0.039047554, -0.6380065, 1.2909907)
bind/169/name = &"RightRingDistal"
bind/169/bone = -1
