[gd_scene format=3 uid="uid://brcrtwplq1m6q"]

[ext_resource type="PackedScene" uid="uid://toqxjudej7db" path="res://scenes/characters/base_player.tscn" id="1_k0oph"]
[ext_resource type="PackedScene" uid="uid://naujvxq5706b" path="res://scenes/characters/lain_model.res" id="2_ewpgm"]
[ext_resource type="AnimationNodeStateMachine" uid="uid://ckqdehmgnjjsa" path="res://assets/leama/new_animation_node_state_machine.tres" id="3_f7yeu"]

[node name="base_player" unique_id=909074154 instance=ExtResource("1_k0oph")]

[node name="WeaponHolder" parent="." index="7" unique_id=493272097 node_paths=PackedStringArray("weapon_mount")]
weapon_mount = NodePath("../Model/GeneralSkeleton/BoneAttachment3D/weapon_pos")

[node name="Model" parent="." index="9" unique_id=635666049 instance=ExtResource("2_ewpgm")]
transform = Transform3D(-1, 0, 8.742278e-08, 0, 1, 0, -8.742278e-08, 0, -1, 0, 0, 0)

[node name="BoneAttachment3D" type="BoneAttachment3D" parent="Model/GeneralSkeleton" parent_id_path=PackedInt32Array(635666049, 988209765) index="6" unique_id=951433985]
transform = Transform3D(-0.043164324, -0.9978672, 0.04896964, 0.99799037, -0.0407903, 0.04848455, -0.04638368, 0.05096409, 0.99762267, -0.62235, 1.1562349, -0.0065092607)
bone_name = "hand.R_end_029"
bone_idx = 18

[node name="weapon_pos" parent="Model/GeneralSkeleton/BoneAttachment3D" index="0"]
transform = Transform3D(-0.09359476, -0.19477616, -0.9763721, 0.036876015, 0.9793262, -0.19890028, 0.9949289, -0.0546206, -0.08447686, 0.009667516, -0.037499785, 0.01826942)

[node name="pose_up" type="Marker3D" parent="Model/GeneralSkeleton" parent_id_path=PackedInt32Array(635666049, 988209765) index="7" unique_id=1067876701]
transform = Transform3D(-0.86160225, 0.14931944, 0.48512426, 0.50721306, 0.21673295, 0.8341233, 0.019408464, 0.96474385, -0.26247445, -0.0031951286, 1.0530337, 0.0032092126)

[node name="pose_down" type="Marker3D" parent="Model/GeneralSkeleton" parent_id_path=PackedInt32Array(635666049, 988209765) index="8" unique_id=1431756395]
transform = Transform3D(-0.88159734, 0.24351607, 0.4043334, -0.43949285, -0.11109393, -0.89135, -0.17213903, -0.9635135, 0.20496382, -0.0031951286, 1.0530337, 0.0032092126)

[node name="pose_center" type="Marker3D" parent="Model/GeneralSkeleton" parent_id_path=PackedInt32Array(635666049, 988209765) index="9" unique_id=433181244]
transform = Transform3D(-0.7351391, 0.08549211, 0.6725036, 0.14031081, 0.9897238, 0.027560282, -0.6632368, 0.11462017, -0.7395802, -0.0031951286, 1.0530337, 0.0032092126)

[node name="AnimationTree" type="AnimationTree" parent="." index="10" unique_id=603939199]
root_node = NodePath("../Model")
tree_root = ExtResource("3_f7yeu")
anim_player = NodePath("../Model/AnimationPlayer")
parameters/conditions/hit = false
parameters/conditions/idle = false
parameters/conditions/moving = false
parameters/conditions/shoot = false
parameters/BlendSpace2D/blend_position = Vector2(0, 0)

[editable path="Model"]
